UNITS=INCH
#Layer_Color=9474304
#
#Feature symbol names
#
$0 r5
$1 r6.6666
$2 r4

#
#Feature attribute names
#

#
#Layer features
#
A 1.2029449 2.930315 1.2029449 2.930315 1.1909449 2.930315 2 P 0 N
A 1.2029449 3.2704724 1.2029449 3.2704724 1.1909449 3.2704724 2 P 0 N
A 1.2109449 2.930315 1.2109449 2.930315 1.1909449 2.930315 1 P 0 N
A 1.2109449 3.2704724 1.2109449 3.2704724 1.1909449 3.2704724 1 P 0 N
A 1.3558268 2.9866142 1.3558268 2.9866142 1.3358268 2.9866142 1 P 0 N
A 1.3558268 3.2141732 1.3558268 3.2141732 1.3358268 3.2141732 1 P 0 N
L 1.3284252 2.8346457 1.3484252 2.8146457 0 P 0
L 1.3284252 2.8346457 1.3484252 2.8546457 0 P 0
L 1.3355118 2.910315 1.3355118 2.950315 0 P 0
L 1.3355118 2.910315 1.3755118 2.910315 0 P 0
L 1.3355118 2.950315 1.3755118 2.950315 0 P 0
L 1.3355118 3.2504724 1.3355118 3.2904724 0 P 0
L 1.3355118 3.2504724 1.3755118 3.2504724 0 P 0
L 1.3355118 3.2904724 1.3755118 3.2904724 0 P 0
L 1.3435118 2.918315 1.3435118 2.942315 0 P 0
L 1.3435118 2.918315 1.3675118 2.918315 0 P 0
L 1.3435118 2.942315 1.3675118 2.942315 0 P 0
L 1.3435118 3.2584724 1.3435118 3.2824724 0 P 0
L 1.3435118 3.2584724 1.3675118 3.2584724 0 P 0
L 1.3435118 3.2824724 1.3675118 3.2824724 0 P 0
L 1.3484252 2.8146457 1.3684252 2.8346457 0 P 0
L 1.3484252 2.8546457 1.3684252 2.8346457 0 P 0
L 1.3675118 2.918315 1.3675118 2.942315 0 P 0
L 1.3675118 3.2584724 1.3675118 3.2824724 0 P 0
L 1.3755118 2.910315 1.3755118 2.950315 0 P 0
L 1.3755118 3.2504724 1.3755118 3.2904724 0 P 0
L 1.392 3.02 1.402 3.02 0 P 0
L 1.392 3.02 1.402 3.03 0 P 0
L 1.392 3.04 1.402 3.03 0 P 0
L 1.392 3.04 1.402 3.04 0 P 0
L 1.3933858 3.1396063 1.4033858 3.1396063 0 P 0
L 1.3933858 3.1396063 1.4033858 3.1496063 0 P 0
L 1.3933858 3.1596063 1.4033858 3.1496063 0 P 0
L 1.3933858 3.1596063 1.4033858 3.1596063 0 P 0
L 1.402 3.02 1.412 3.01 0 P 0
L 1.402 3.04 1.412 3.05 0 P 0
L 1.4033858 3.1396063 1.4133858 3.1296063 0 P 0
L 1.4033858 3.1596063 1.4133858 3.1696063 0 P 0
L 1.41 2.853 1.42 2.853 0 P 0
L 1.41 2.853 1.42 2.863 0 P 0
L 1.41 2.873 1.42 2.863 0 P 0
L 1.41 2.873 1.42 2.873 0 P 0
L 1.412 3.01 1.422 3.02 0 P 0
L 1.412 3.05 1.422 3.04 0 P 0
L 1.4133858 3.1296063 1.4233858 3.1396063 0 P 0
L 1.4133858 3.1696063 1.4233858 3.1596063 0 P 0
L 1.4170079 3.2085039 1.4270079 3.2085039 0 P 0
L 1.4170079 3.2085039 1.4270079 3.2185039 0 P 0
L 1.4170079 3.228189 1.4270079 3.228189 0 P 0
L 1.4170079 3.228189 1.4270079 3.238189 0 P 0
L 1.4170079 3.2285039 1.4270079 3.2185039 0 P 0
L 1.4170079 3.2285039 1.4270079 3.2285039 0 P 0
L 1.4170079 3.247874 1.4270079 3.247874 0 P 0
L 1.4170079 3.247874 1.4270079 3.257874 0 P 0
L 1.4170079 3.248189 1.4270079 3.238189 0 P 0
L 1.4170079 3.248189 1.4270079 3.248189 0 P 0
L 1.4170079 3.267874 1.4270079 3.257874 0 P 0
L 1.4170079 3.267874 1.4270079 3.267874 0 P 0
L 1.42 2.853 1.43 2.843 0 P 0
L 1.42 2.873 1.43 2.883 0 P 0
L 1.422 3.02 1.432 3.02 0 P 0
L 1.422 3.03 1.432 3.02 0 P 0
L 1.422 3.03 1.432 3.04 0 P 0
L 1.422 3.04 1.432 3.04 0 P 0
L 1.4233858 3.1396063 1.4333858 3.1396063 0 P 0
L 1.4233858 3.1496063 1.4333858 3.1396063 0 P 0
L 1.4233858 3.1496063 1.4333858 3.1596063 0 P 0
L 1.4233858 3.1596063 1.4333858 3.1596063 0 P 0
L 1.4270079 3.2085039 1.4370079 3.1985039 0 P 0
L 1.4270079 3.228189 1.4370079 3.218189 0 P 0
L 1.4270079 3.2285039 1.4370079 3.2385039 0 P 0
L 1.4270079 3.247874 1.4370079 3.237874 0 P 0
L 1.4270079 3.248189 1.4370079 3.258189 0 P 0
L 1.4270079 3.267874 1.4370079 3.277874 0 P 0
L 1.43 2.843 1.44 2.853 0 P 0
L 1.43 2.883 1.44 2.873 0 P 0
L 1.4366929 2.9230708 1.4466929 2.9230708 0 P 0
L 1.4366929 2.9230708 1.4466929 2.9330708 0 P 0
L 1.4366929 2.9427559 1.4466929 2.9427559 0 P 0
L 1.4366929 2.9427559 1.4466929 2.9527559 0 P 0
L 1.4366929 2.9430708 1.4466929 2.9330708 0 P 0
L 1.4366929 2.9430708 1.4466929 2.9430708 0 P 0
L 1.4366929 2.9624409 1.4466929 2.9624409 0 P 0
L 1.4366929 2.9624409 1.4466929 2.9724409 0 P 0
L 1.4366929 2.9627559 1.4466929 2.9527559 0 P 0
L 1.4366929 2.9627559 1.4466929 2.9627559 0 P 0
L 1.4366929 2.9824409 1.4466929 2.9724409 0 P 0
L 1.4366929 2.9824409 1.4466929 2.9824409 0 P 0
L 1.4366929 3.2085039 1.4466929 3.2085039 0 P 0
L 1.4366929 3.2085039 1.4466929 3.2185039 0 P 0
L 1.4366929 3.228189 1.4466929 3.228189 0 P 0
L 1.4366929 3.228189 1.4466929 3.238189 0 P 0
L 1.4366929 3.2285039 1.4466929 3.2185039 0 P 0
L 1.4366929 3.2285039 1.4466929 3.2285039 0 P 0
L 1.4366929 3.247874 1.4466929 3.247874 0 P 0
L 1.4366929 3.247874 1.4466929 3.257874 0 P 0
L 1.4366929 3.248189 1.4466929 3.238189 0 P 0
L 1.4366929 3.248189 1.4466929 3.248189 0 P 0
L 1.4366929 3.267874 1.4466929 3.257874 0 P 0
L 1.4366929 3.267874 1.4466929 3.267874 0 P 0
L 1.4370079 3.1985039 1.4470079 3.2085039 0 P 0
L 1.4370079 3.218189 1.4470079 3.228189 0 P 0
L 1.4370079 3.237874 1.4470079 3.247874 0 P 0
L 1.4370079 3.2385039 1.4470079 3.2285039 0 P 0
L 1.4370079 3.258189 1.4470079 3.248189 0 P 0
L 1.4370079 3.277874 1.4470079 3.267874 0 P 0
L 1.44 2.853 1.45 2.853 0 P 0
L 1.44 2.863 1.45 2.853 0 P 0
L 1.44 2.863 1.45 2.873 0 P 0
L 1.44 2.873 1.45 2.873 0 P 0
L 1.4466929 2.9230708 1.4566929 2.9130708 0 P 0
L 1.4466929 2.9427559 1.4566929 2.9327559 0 P 0
L 1.4466929 2.9430708 1.4566929 2.9530708 0 P 0
L 1.4466929 2.9624409 1.4566929 2.9524409 0 P 0
L 1.4466929 2.9627559 1.4566929 2.9727559 0 P 0
L 1.4466929 2.9824409 1.4566929 2.9924409 0 P 0
L 1.4466929 3.2085039 1.4566929 3.1985039 0 P 0
L 1.4466929 3.228189 1.4566929 3.218189 0 P 0
L 1.4466929 3.2285039 1.4566929 3.2385039 0 P 0
L 1.4466929 3.247874 1.4566929 3.237874 0 P 0
L 1.4466929 3.248189 1.4566929 3.258189 0 P 0
L 1.4466929 3.267874 1.4566929 3.277874 0 P 0
L 1.4470079 3.2085039 1.4570079 3.2085039 0 P 0
L 1.4470079 3.2185039 1.4570079 3.2085039 0 P 0
L 1.4470079 3.2185039 1.4570079 3.2285039 0 P 0
L 1.4470079 3.228189 1.4570079 3.228189 0 P 0
L 1.4470079 3.2285039 1.4570079 3.2285039 0 P 0
L 1.4470079 3.238189 1.4570079 3.228189 0 P 0
L 1.4470079 3.238189 1.4570079 3.248189 0 P 0
L 1.4470079 3.247874 1.4570079 3.247874 0 P 0
L 1.4470079 3.248189 1.4570079 3.248189 0 P 0
L 1.4470079 3.257874 1.4570079 3.247874 0 P 0
L 1.4470079 3.257874 1.4570079 3.267874 0 P 0
L 1.4470079 3.267874 1.4570079 3.267874 0 P 0
L 1.4563779 2.9230708 1.4663779 2.9230708 0 P 0
L 1.4563779 2.9230708 1.4663779 2.9330708 0 P 0
L 1.4563779 2.9427559 1.4663779 2.9427559 0 P 0
L 1.4563779 2.9427559 1.4663779 2.9527559 0 P 0
L 1.4563779 2.9430708 1.4663779 2.9330708 0 P 0
L 1.4563779 2.9430708 1.4663779 2.9430708 0 P 0
L 1.4563779 2.9624409 1.4663779 2.9624409 0 P 0
L 1.4563779 2.9624409 1.4663779 2.9724409 0 P 0
L 1.4563779 2.9627559 1.4663779 2.9527559 0 P 0
L 1.4563779 2.9627559 1.4663779 2.9627559 0 P 0
L 1.4563779 2.9824409 1.4663779 2.9724409 0 P 0
L 1.4563779 2.9824409 1.4663779 2.9824409 0 P 0
L 1.4566929 2.9130708 1.4666929 2.9230708 0 P 0
L 1.4566929 2.9327559 1.4666929 2.9427559 0 P 0
L 1.4566929 2.9524409 1.4666929 2.9624409 0 P 0
L 1.4566929 2.9530708 1.4666929 2.9430708 0 P 0
L 1.4566929 2.9727559 1.4666929 2.9627559 0 P 0
L 1.4566929 2.9924409 1.4666929 2.9824409 0 P 0
L 1.4566929 3.1985039 1.4666929 3.2085039 0 P 0
L 1.4566929 3.218189 1.4666929 3.228189 0 P 0
L 1.4566929 3.237874 1.4666929 3.247874 0 P 0
L 1.4566929 3.2385039 1.4666929 3.2285039 0 P 0
L 1.4566929 3.258189 1.4666929 3.248189 0 P 0
L 1.4566929 3.277874 1.4666929 3.267874 0 P 0
L 1.4663779 2.9230708 1.4763779 2.9130708 0 P 0
L 1.4663779 2.9427559 1.4763779 2.9327559 0 P 0
L 1.4663779 2.9430708 1.4763779 2.9530708 0 P 0
L 1.4663779 2.9624409 1.4763779 2.9524409 0 P 0
L 1.4663779 2.9627559 1.4763779 2.9727559 0 P 0
L 1.4663779 2.9824409 1.4763779 2.9924409 0 P 0
L 1.4666929 2.9230708 1.4766929 2.9230708 0 P 0
L 1.4666929 2.9330708 1.4766929 2.9230708 0 P 0
L 1.4666929 2.9330708 1.4766929 2.9430708 0 P 0
L 1.4666929 2.9427559 1.4766929 2.9427559 0 P 0
L 1.4666929 2.9430708 1.4766929 2.9430708 0 P 0
L 1.4666929 2.9527559 1.4766929 2.9427559 0 P 0
L 1.4666929 2.9527559 1.4766929 2.9627559 0 P 0
L 1.4666929 2.9624409 1.4766929 2.9624409 0 P 0
L 1.4666929 2.9627559 1.4766929 2.9627559 0 P 0
L 1.4666929 2.9724409 1.4766929 2.9624409 0 P 0
L 1.4666929 2.9724409 1.4766929 2.9824409 0 P 0
L 1.4666929 2.9824409 1.4766929 2.9824409 0 P 0
L 1.4666929 3.2085039 1.4766929 3.2085039 0 P 0
L 1.4666929 3.2185039 1.4766929 3.2085039 0 P 0
L 1.4666929 3.2185039 1.4766929 3.2285039 0 P 0
L 1.4666929 3.228189 1.4766929 3.228189 0 P 0
L 1.4666929 3.2285039 1.4766929 3.2285039 0 P 0
L 1.4666929 3.238189 1.4766929 3.228189 0 P 0
L 1.4666929 3.238189 1.4766929 3.248189 0 P 0
L 1.4666929 3.247874 1.4766929 3.247874 0 P 0
L 1.4666929 3.248189 1.4766929 3.248189 0 P 0
L 1.4666929 3.257874 1.4766929 3.247874 0 P 0
L 1.4666929 3.257874 1.4766929 3.267874 0 P 0
L 1.4666929 3.267874 1.4766929 3.267874 0 P 0
L 1.4763779 2.9130708 1.4863779 2.9230708 0 P 0
L 1.4763779 2.9327559 1.4863779 2.9427559 0 P 0
L 1.4763779 2.9524409 1.4863779 2.9624409 0 P 0
L 1.4763779 2.9530708 1.4863779 2.9430708 0 P 0
L 1.4763779 2.9727559 1.4863779 2.9627559 0 P 0
L 1.4763779 2.9924409 1.4863779 2.9824409 0 P 0
L 1.48 2.854 1.49 2.874 0 P 0
L 1.48 2.854 1.5 2.864 0 P 0
L 1.48 2.894 1.49 2.874 0 P 0
L 1.48 2.894 1.5 2.884 0 P 0
L 1.482 3.215 1.492 3.215 0 P 0
L 1.482 3.215 1.492 3.225 0 P 0
L 1.482 3.235 1.492 3.225 0 P 0
L 1.482 3.235 1.492 3.235 0 P 0
L 1.4863779 2.9230708 1.4963779 2.9230708 0 P 0
L 1.4863779 2.9330708 1.4963779 2.9230708 0 P 0
L 1.4863779 2.9330708 1.4963779 2.9430708 0 P 0
L 1.4863779 2.9427559 1.4963779 2.9427559 0 P 0
L 1.4863779 2.9430708 1.4963779 2.9430708 0 P 0
L 1.4863779 2.9527559 1.4963779 2.9427559 0 P 0
L 1.4863779 2.9527559 1.4963779 2.9627559 0 P 0
L 1.4863779 2.9624409 1.4963779 2.9624409 0 P 0
L 1.4863779 2.9627559 1.4963779 2.9627559 0 P 0
L 1.4863779 2.9724409 1.4963779 2.9624409 0 P 0
L 1.4863779 2.9724409 1.4963779 2.9824409 0 P 0
L 1.4863779 2.9824409 1.4963779 2.9824409 0 P 0
L 1.492 3.215 1.502 3.205 0 P 0
L 1.492 3.235 1.502 3.245 0 P 0
L 1.5 2.864 1.52 2.854 0 P 0
L 1.5 2.884 1.52 2.894 0 P 0
L 1.502 3.205 1.512 3.215 0 P 0
L 1.502 3.245 1.512 3.235 0 P 0
L 1.5075591 3.1396063 1.5175591 3.1396063 0 P 0
L 1.5075591 3.1396063 1.5175591 3.1496063 0 P 0
L 1.5075591 3.1592913 1.5175591 3.1592913 0 P 0
L 1.5075591 3.1592913 1.5175591 3.1692913 0 P 0
L 1.5075591 3.1596063 1.5175591 3.1496063 0 P 0
L 1.5075591 3.1596063 1.5175591 3.1596063 0 P 0
L 1.5075591 3.1792913 1.5175591 3.1692913 0 P 0
L 1.5075591 3.1792913 1.5175591 3.1792913 0 P 0
L 1.51 2.874 1.52 2.854 0 P 0
L 1.51 2.874 1.52 2.894 0 P 0
L 1.512 3.215 1.522 3.215 0 P 0
L 1.512 3.225 1.522 3.215 0 P 0
L 1.512 3.225 1.522 3.235 0 P 0
L 1.512 3.235 1.522 3.235 0 P 0
L 1.5175591 3.1396063 1.5275591 3.1296063 0 P 0
L 1.5175591 3.1592913 1.5275591 3.1492913 0 P 0
L 1.5175591 3.1596063 1.5275591 3.1696063 0 P 0
L 1.5175591 3.1792913 1.5275591 3.1892913 0 P 0
L 1.52 3.315 1.53 3.335 0 P 0
L 1.52 3.315 1.54 3.325 0 P 0
L 1.52 3.355 1.53 3.335 0 P 0
L 1.52 3.355 1.54 3.345 0 P 0
L 1.5252756 2.9819685 1.5352756 3.0019685 0 P 0
L 1.5252756 2.9819685 1.5452756 2.9919685 0 P 0
L 1.5252756 3.0219685 1.5352756 3.0019685 0 P 0
L 1.5252756 3.0219685 1.5452756 3.0119685 0 P 0
L 1.5275591 3.1296063 1.5375591 3.1396063 0 P 0
L 1.5275591 3.1492913 1.5375591 3.1592913 0 P 0
L 1.5275591 3.1696063 1.5375591 3.1596063 0 P 0
L 1.5275591 3.1892913 1.5375591 3.1792913 0 P 0
L 1.5311811 3.1396063 1.5411811 3.1396063 0 P 0
L 1.5311811 3.1396063 1.5411811 3.1496063 0 P 0
L 1.5311811 3.1592913 1.5411811 3.1592913 0 P 0
L 1.5311811 3.1592913 1.5411811 3.1692913 0 P 0
L 1.5311811 3.1596063 1.5411811 3.1496063 0 P 0
L 1.5311811 3.1596063 1.5411811 3.1596063 0 P 0
L 1.5311811 3.1792913 1.5411811 3.1692913 0 P 0
L 1.5311811 3.1792913 1.5411811 3.1792913 0 P 0
L 1.536 2.831 1.546 2.851 0 P 0
L 1.536 2.831 1.556 2.841 0 P 0
L 1.536 2.871 1.546 2.851 0 P 0
L 1.536 2.871 1.556 2.861 0 P 0
L 1.5375591 3.1396063 1.5475591 3.1396063 0 P 0
L 1.5375591 3.1496063 1.5475591 3.1396063 0 P 0
L 1.5375591 3.1496063 1.5475591 3.1596063 0 P 0
L 1.5375591 3.1592913 1.5475591 3.1592913 0 P 0
L 1.5375591 3.1596063 1.5475591 3.1596063 0 P 0
L 1.5375591 3.1692913 1.5475591 3.1592913 0 P 0
L 1.5375591 3.1692913 1.5475591 3.1792913 0 P 0
L 1.5375591 3.1792913 1.5475591 3.1792913 0 P 0
L 1.54 3.325 1.56 3.315 0 P 0
L 1.54 3.345 1.56 3.355 0 P 0
L 1.5411811 3.1396063 1.5511811 3.1296063 0 P 0
L 1.5411811 3.1592913 1.5511811 3.1492913 0 P 0
L 1.5411811 3.1596063 1.5511811 3.1696063 0 P 0
L 1.5411811 3.1792913 1.5511811 3.1892913 0 P 0
L 1.5452756 2.9919685 1.5652756 2.9819685 0 P 0
L 1.5452756 3.0119685 1.5652756 3.0219685 0 P 0
L 1.55 3.335 1.56 3.315 0 P 0
L 1.55 3.335 1.56 3.355 0 P 0
L 1.5511811 3.1296063 1.5611811 3.1396063 0 P 0
L 1.5511811 3.1492913 1.5611811 3.1592913 0 P 0
L 1.5511811 3.1696063 1.5611811 3.1596063 0 P 0
L 1.5511811 3.1892913 1.5611811 3.1792913 0 P 0
L 1.5552756 3.0019685 1.5652756 2.9819685 0 P 0
L 1.5552756 3.0019685 1.5652756 3.0219685 0 P 0
L 1.556 2.841 1.576 2.831 0 P 0
L 1.556 2.861 1.576 2.871 0 P 0
L 1.5611811 3.1396063 1.5711811 3.1396063 0 P 0
L 1.5611811 3.1496063 1.5711811 3.1396063 0 P 0
L 1.5611811 3.1496063 1.5711811 3.1596063 0 P 0
L 1.5611811 3.1592913 1.5711811 3.1592913 0 P 0
L 1.5611811 3.1596063 1.5711811 3.1596063 0 P 0
L 1.5611811 3.1692913 1.5711811 3.1592913 0 P 0
L 1.5611811 3.1692913 1.5711811 3.1792913 0 P 0
L 1.5611811 3.1792913 1.5711811 3.1792913 0 P 0
L 1.566 2.851 1.576 2.831 0 P 0
L 1.566 2.851 1.576 2.871 0 P 0
L 1.5964725 3.3162835 1.6064725 3.3362835 0 P 0
L 1.5964725 3.3162835 1.6164725 3.3262835 0 P 0
L 1.5964725 3.3562835 1.6064725 3.3362835 0 P 0
L 1.5964725 3.3562835 1.6164725 3.3462835 0 P 0
L 1.6074484 2.7935198 1.6174484 2.8135198 0 P 0
L 1.6074484 2.7935198 1.6274484 2.8035198 0 P 0
L 1.6074484 2.8335198 1.6174484 2.8135198 0 P 0
L 1.6074484 2.8335198 1.6274484 2.8235198 0 P 0
L 1.61 2.862 1.62 2.882 0 P 0
L 1.61 2.862 1.63 2.872 0 P 0
L 1.61 2.902 1.62 2.882 0 P 0
L 1.61 2.902 1.63 2.892 0 P 0
L 1.6164725 3.3262835 1.6364725 3.3162835 0 P 0
L 1.6164725 3.3462835 1.6364725 3.3562835 0 P 0
L 1.6264725 3.3362835 1.6364725 3.3162835 0 P 0
L 1.6264725 3.3362835 1.6364725 3.3562835 0 P 0
L 1.6274484 2.8035198 1.6474484 2.7935198 0 P 0
L 1.6274484 2.8235198 1.6474484 2.8335198 0 P 0
L 1.6296063 3.0390551 1.6296063 3.0790551 0 P 0
L 1.6296063 3.0390551 1.6696063 3.0390551 0 P 0
L 1.6296063 3.0790551 1.6696063 3.0790551 0 P 0
L 1.63 2.872 1.65 2.862 0 P 0
L 1.63 2.892 1.65 2.902 0 P 0
L 1.6374484 2.8135198 1.6474484 2.7935198 0 P 0
L 1.6374484 2.8135198 1.6474484 2.8335198 0 P 0
L 1.64 2.882 1.65 2.862 0 P 0
L 1.64 2.882 1.65 2.902 0 P 0
L 1.6532283 3.2083465 1.6632283 3.2283465 0 P 0
L 1.6532283 3.2083465 1.6732283 3.2183465 0 P 0
L 1.6532283 3.2483465 1.6632283 3.2283465 0 P 0
L 1.6532283 3.2483465 1.6732283 3.2383465 0 P 0
L 1.6696063 3.0390551 1.6696063 3.0790551 0 P 0
L 1.6732283 3.2183465 1.6932283 3.2083465 0 P 0
L 1.6732283 3.2383465 1.6932283 3.2483465 0 P 0
L 1.6832283 3.2283465 1.6932283 3.2083465 0 P 0
L 1.6832283 3.2283465 1.6932283 3.2483465 0 P 0
L 1.6847244 3.0390551 1.6847244 3.0790551 0 P 0
L 1.6847244 3.0390551 1.7247244 3.0390551 0 P 0
L 1.6847244 3.0790551 1.7247244 3.0790551 0 P 0
L 1.6994882 2.8264567 1.7094882 2.8464567 0 P 0
L 1.6994882 2.8264567 1.7194882 2.8364567 0 P 0
L 1.6994882 2.8664567 1.7094882 2.8464567 0 P 0
L 1.6994882 2.8664567 1.7194882 2.8564567 0 P 0
L 1.7194882 2.8364567 1.7394882 2.8264567 0 P 0
L 1.7194882 2.8564567 1.7394882 2.8664567 0 P 0
L 1.7247244 3.0390551 1.7247244 3.0790551 0 P 0
L 1.7294882 2.8464567 1.7394882 2.8264567 0 P 0
L 1.7294882 2.8464567 1.7394882 2.8664567 0 P 0
L 1.7359055 3.2083465 1.7459055 3.2283465 0 P 0
L 1.7359055 3.2083465 1.7559055 3.2183465 0 P 0
L 1.7359055 3.2483465 1.7459055 3.2283465 0 P 0
L 1.7359055 3.2483465 1.7559055 3.2383465 0 P 0
L 1.7559055 3.2183465 1.7759055 3.2083465 0 P 0
L 1.7559055 3.2383465 1.7759055 3.2483465 0 P 0
L 1.7659055 3.2283465 1.7759055 3.2083465 0 P 0
L 1.7659055 3.2283465 1.7759055 3.2483465 0 P 0
L 1.815 2.87 1.825 2.89 0 P 0
L 1.815 2.87 1.835 2.88 0 P 0
L 1.815 2.91 1.825 2.89 0 P 0
L 1.815 2.91 1.835 2.9 0 P 0
L 1.835 2.88 1.855 2.87 0 P 0
L 1.835 2.9 1.855 2.91 0 P 0
L 1.845 2.89 1.855 2.87 0 P 0
L 1.845 2.89 1.855 2.91 0 P 0
L 1.86 2.875 1.87 2.895 0 P 0
L 1.86 2.875 1.88 2.885 0 P 0
L 1.86 2.915 1.87 2.895 0 P 0
L 1.86 2.915 1.88 2.905 0 P 0
L 1.8727165 3.1679922 1.8827165 3.1879922 0 P 0
L 1.8727165 3.1679922 1.8927165 3.1779922 0 P 0
L 1.8727165 3.2079922 1.8827165 3.1879922 0 P 0
L 1.8727165 3.2079922 1.8927165 3.1979922 0 P 0
L 1.88 2.885 1.9 2.875 0 P 0
L 1.88 2.905 1.9 2.915 0 P 0
L 1.89 2.895 1.9 2.875 0 P 0
L 1.89 2.895 1.9 2.915 0 P 0
L 1.8927165 3.1779922 1.9127165 3.1679922 0 P 0
L 1.8927165 3.1979922 1.9127165 3.2079922 0 P 0
L 1.894508 2.8639926 1.904508 2.8839926 0 P 0
L 1.894508 2.8639926 1.914508 2.8739926 0 P 0
L 1.894508 2.9039926 1.904508 2.8839926 0 P 0
L 1.894508 2.9039926 1.914508 2.8939926 0 P 0
L 1.9027165 3.1879922 1.9127165 3.1679922 0 P 0
L 1.9027165 3.1879922 1.9127165 3.2079922 0 P 0
L 1.914508 2.8739926 1.934508 2.8639926 0 P 0
L 1.914508 2.8939926 1.934508 2.9039926 0 P 0
L 1.92 3.14 1.93 3.16 0 P 0
L 1.92 3.14 1.94 3.15 0 P 0
L 1.92 3.18 1.93 3.16 0 P 0
L 1.92 3.18 1.94 3.17 0 P 0
L 1.924508 2.8839926 1.934508 2.8639926 0 P 0
L 1.924508 2.8839926 1.934508 2.9039926 0 P 0
L 1.9248819 2.987874 1.9348819 3.007874 0 P 0
L 1.9248819 2.987874 1.9448819 2.997874 0 P 0
L 1.9248819 3.027874 1.9348819 3.007874 0 P 0
L 1.9248819 3.027874 1.9448819 3.017874 0 P 0
L 1.9270334 2.8035066 1.9370334 2.8235066 0 P 0
L 1.9270334 2.8035066 1.9470334 2.8135066 0 P 0
L 1.9270334 2.8435066 1.9370334 2.8235066 0 P 0
L 1.9270334 2.8435066 1.9470334 2.8335066 0 P 0
L 1.94 3.15 1.96 3.14 0 P 0
L 1.94 3.17 1.96 3.18 0 P 0
L 1.9448819 2.997874 1.9648819 2.987874 0 P 0
L 1.9448819 3.017874 1.9648819 3.027874 0 P 0
L 1.945 3.27 1.955 3.29 0 P 0
L 1.945 3.27 1.965 3.28 0 P 0
L 1.945 3.31 1.955 3.29 0 P 0
L 1.945 3.31 1.965 3.3 0 P 0
L 1.9470334 2.8135066 1.9670334 2.8035066 0 P 0
L 1.9470334 2.8335066 1.9670334 2.8435066 0 P 0
L 1.95 3.16 1.96 3.14 0 P 0
L 1.95 3.16 1.96 3.18 0 P 0
L 1.9548819 3.007874 1.9648819 2.987874 0 P 0
L 1.9548819 3.007874 1.9648819 3.027874 0 P 0
L 1.9570334 2.8235066 1.9670334 2.8035066 0 P 0
L 1.9570334 2.8235066 1.9670334 2.8435066 0 P 0
L 1.965 3.28 1.985 3.27 0 P 0
L 1.965 3.3 1.985 3.31 0 P 0
L 1.969 2.826 1.969 2.866 0 P 0
L 1.969 2.826 2.009 2.826 0 P 0
L 1.969 2.866 2.009 2.866 0 P 0
L 1.97 3.335 1.98 3.355 0 P 0
L 1.97 3.335 1.99 3.345 0 P 0
L 1.97 3.375 1.98 3.355 0 P 0
L 1.97 3.375 1.99 3.365 0 P 0
L 1.975 3.29 1.985 3.27 0 P 0
L 1.975 3.29 1.985 3.31 0 P 0
L 1.99 3.345 2.01 3.335 0 P 0
L 1.99 3.365 2.01 3.375 0 P 0
L 2 3.355 2.01 3.335 0 P 0
L 2 3.355 2.01 3.375 0 P 0
L 2.009 2.826 2.009 2.866 0 P 0
L 2.0109055 3.0648033 2.0209055 3.0648033 0 P 0
L 2.0109055 3.0648033 2.0209055 3.0748033 0 P 0
L 2.0109055 3.0848033 2.0209055 3.0748033 0 P 0
L 2.0109055 3.0848033 2.0209055 3.0848033 0 P 0
L 2.0109055 3.1081104 2.0209055 3.1081104 0 P 0
L 2.0109055 3.1081104 2.0209055 3.1181104 0 P 0
L 2.0109055 3.1281104 2.0209055 3.1181104 0 P 0
L 2.0109055 3.1281104 2.0209055 3.1281104 0 P 0
L 2.0109055 3.1514175 2.0209055 3.1514175 0 P 0
L 2.0109055 3.1514175 2.0209055 3.1614175 0 P 0
L 2.0109055 3.1714175 2.0209055 3.1614175 0 P 0
L 2.0109055 3.1714175 2.0209055 3.1714175 0 P 0
L 2.019 3.248 2.029 3.268 0 P 0
L 2.019 3.248 2.039 3.258 0 P 0
L 2.019 3.288 2.029 3.268 0 P 0
L 2.019 3.288 2.039 3.278 0 P 0
L 2.0209055 3.0648033 2.0309055 3.0548033 0 P 0
L 2.0209055 3.0848033 2.0309055 3.0948033 0 P 0
L 2.0209055 3.1081104 2.0309055 3.0981104 0 P 0
L 2.0209055 3.1281104 2.0309055 3.1381104 0 P 0
L 2.0209055 3.1514175 2.0309055 3.1414175 0 P 0
L 2.0209055 3.1714175 2.0309055 3.1814175 0 P 0
L 2.0309055 3.0548033 2.0409055 3.0648033 0 P 0
L 2.0309055 3.0948033 2.0409055 3.0848033 0 P 0
L 2.0309055 3.0981104 2.0409055 3.1081104 0 P 0
L 2.0309055 3.1381104 2.0409055 3.1281104 0 P 0
L 2.0309055 3.1414175 2.0409055 3.1514175 0 P 0
L 2.0309055 3.1814175 2.0409055 3.1714175 0 P 0
L 2.035 3.335 2.045 3.355 0 P 0
L 2.035 3.335 2.055 3.345 0 P 0
L 2.035 3.375 2.045 3.355 0 P 0
L 2.035 3.375 2.055 3.365 0 P 0
L 2.039 3.258 2.059 3.248 0 P 0
L 2.039 3.278 2.059 3.288 0 P 0
L 2.0409055 3.0648033 2.0509055 3.0648033 0 P 0
L 2.0409055 3.0748033 2.0509055 3.0648033 0 P 0
L 2.0409055 3.0748033 2.0509055 3.0848033 0 P 0
L 2.0409055 3.0848033 2.0509055 3.0848033 0 P 0
L 2.0409055 3.1081104 2.0509055 3.1081104 0 P 0
L 2.0409055 3.1181104 2.0509055 3.1081104 0 P 0
L 2.0409055 3.1181104 2.0509055 3.1281104 0 P 0
L 2.0409055 3.1281104 2.0509055 3.1281104 0 P 0
L 2.0409055 3.1514175 2.0509055 3.1514175 0 P 0
L 2.0409055 3.1614175 2.0509055 3.1514175 0 P 0
L 2.0409055 3.1614175 2.0509055 3.1714175 0 P 0
L 2.0409055 3.1714175 2.0509055 3.1714175 0 P 0
L 2.049 3.268 2.059 3.248 0 P 0
L 2.049 3.268 2.059 3.288 0 P 0
L 2.0529902 3.2482002 2.0629902 3.2682002 0 P 0
L 2.0529902 3.2482002 2.0729902 3.2582002 0 P 0
L 2.0529902 3.2882002 2.0629902 3.2682002 0 P 0
L 2.0529902 3.2882002 2.0729902 3.2782002 0 P 0
L 2.0542126 3.0648033 2.0642126 3.0648033 0 P 0
L 2.0542126 3.0648033 2.0642126 3.0748033 0 P 0
L 2.0542126 3.0848033 2.0642126 3.0748033 0 P 0
L 2.0542126 3.0848033 2.0642126 3.0848033 0 P 0
L 2.0542126 3.1081104 2.0642126 3.1081104 0 P 0
L 2.0542126 3.1081104 2.0642126 3.1181104 0 P 0
L 2.0542126 3.1281104 2.0642126 3.1181104 0 P 0
L 2.0542126 3.1281104 2.0642126 3.1281104 0 P 0
L 2.0542126 3.1514175 2.0642126 3.1514175 0 P 0
L 2.0542126 3.1514175 2.0642126 3.1614175 0 P 0
L 2.0542126 3.1714175 2.0642126 3.1614175 0 P 0
L 2.0542126 3.1714175 2.0642126 3.1714175 0 P 0
L 2.055 3.345 2.075 3.335 0 P 0
L 2.055 3.365 2.075 3.375 0 P 0
L 2.0642126 3.0648033 2.0742126 3.0548033 0 P 0
L 2.0642126 3.0848033 2.0742126 3.0948033 0 P 0
L 2.0642126 3.1081104 2.0742126 3.0981104 0 P 0
L 2.0642126 3.1281104 2.0742126 3.1381104 0 P 0
L 2.0642126 3.1514175 2.0742126 3.1414175 0 P 0
L 2.0642126 3.1714175 2.0742126 3.1814175 0 P 0
L 2.065 3.355 2.075 3.335 0 P 0
L 2.065 3.355 2.075 3.375 0 P 0
L 2.0729902 3.2582002 2.0929902 3.2482002 0 P 0
L 2.0729902 3.2782002 2.0929902 3.2882002 0 P 0
L 2.0742126 3.0548033 2.0842126 3.0648033 0 P 0
L 2.0742126 3.0948033 2.0842126 3.0848033 0 P 0
L 2.0742126 3.0981104 2.0842126 3.1081104 0 P 0
L 2.0742126 3.1381104 2.0842126 3.1281104 0 P 0
L 2.0742126 3.1414175 2.0842126 3.1514175 0 P 0
L 2.0742126 3.1814175 2.0842126 3.1714175 0 P 0
L 2.0806592 2.9351106 2.0906592 2.9551106 0 P 0
L 2.0806592 2.9351106 2.1006592 2.9451106 0 P 0
L 2.0806592 2.9751106 2.0906592 2.9551106 0 P 0
L 2.0806592 2.9751106 2.1006592 2.9651106 0 P 0
L 2.0810336 2.7947606 2.0910336 2.8147606 0 P 0
L 2.0810336 2.7947606 2.1010336 2.8047606 0 P 0
L 2.0810336 2.8347606 2.0910336 2.8147606 0 P 0
L 2.0810336 2.8347606 2.1010336 2.8247606 0 P 0
L 2.0829902 3.2682002 2.0929902 3.2482002 0 P 0
L 2.0829902 3.2682002 2.0929902 3.2882002 0 P 0
L 2.0842126 3.0648033 2.0942126 3.0648033 0 P 0
L 2.0842126 3.0748033 2.0942126 3.0648033 0 P 0
L 2.0842126 3.0748033 2.0942126 3.0848033 0 P 0
L 2.0842126 3.0848033 2.0942126 3.0848033 0 P 0
L 2.0842126 3.1081104 2.0942126 3.1081104 0 P 0
L 2.0842126 3.1181104 2.0942126 3.1081104 0 P 0
L 2.0842126 3.1181104 2.0942126 3.1281104 0 P 0
L 2.0842126 3.1281104 2.0942126 3.1281104 0 P 0
L 2.0842126 3.1514175 2.0942126 3.1514175 0 P 0
L 2.0842126 3.1614175 2.0942126 3.1514175 0 P 0
L 2.0842126 3.1614175 2.0942126 3.1714175 0 P 0
L 2.0842126 3.1714175 2.0942126 3.1714175 0 P 0
L 2.089 3.246 2.099 3.266 0 P 0
L 2.089 3.246 2.109 3.256 0 P 0
L 2.089 3.286 2.099 3.266 0 P 0
L 2.089 3.286 2.109 3.276 0 P 0
L 2.0975197 3.0648033 2.1075197 3.0648033 0 P 0
L 2.0975197 3.0648033 2.1075197 3.0748033 0 P 0
L 2.0975197 3.0848033 2.1075197 3.0748033 0 P 0
L 2.0975197 3.0848033 2.1075197 3.0848033 0 P 0
L 2.0975197 3.1081104 2.1075197 3.1081104 0 P 0
L 2.0975197 3.1081104 2.1075197 3.1181104 0 P 0
L 2.0975197 3.1281104 2.1075197 3.1181104 0 P 0
L 2.0975197 3.1281104 2.1075197 3.1281104 0 P 0
L 2.0975197 3.1514175 2.1075197 3.1514175 0 P 0
L 2.0975197 3.1514175 2.1075197 3.1614175 0 P 0
L 2.0975197 3.1714175 2.1075197 3.1614175 0 P 0
L 2.0975197 3.1714175 2.1075197 3.1714175 0 P 0
L 2.1006592 2.9451106 2.1206592 2.9351106 0 P 0
L 2.1006592 2.9651106 2.1206592 2.9751106 0 P 0
L 2.1010336 2.8047606 2.1210336 2.7947606 0 P 0
L 2.1010336 2.8247606 2.1210336 2.8347606 0 P 0
L 2.1075197 3.0648033 2.1175197 3.0548033 0 P 0
L 2.1075197 3.0848033 2.1175197 3.0948033 0 P 0
L 2.1075197 3.1081104 2.1175197 3.0981104 0 P 0
L 2.1075197 3.1281104 2.1175197 3.1381104 0 P 0
L 2.1075197 3.1514175 2.1175197 3.1414175 0 P 0
L 2.1075197 3.1714175 2.1175197 3.1814175 0 P 0
L 2.109 3.256 2.129 3.246 0 P 0
L 2.109 3.276 2.129 3.286 0 P 0
L 2.1106592 2.9551106 2.1206592 2.9351106 0 P 0
L 2.1106592 2.9551106 2.1206592 2.9751106 0 P 0
L 2.1110336 2.8147606 2.1210336 2.7947606 0 P 0
L 2.1110336 2.8147606 2.1210336 2.8347606 0 P 0
L 2.1175197 3.0548033 2.1275197 3.0648033 0 P 0
L 2.1175197 3.0948033 2.1275197 3.0848033 0 P 0
L 2.1175197 3.0981104 2.1275197 3.1081104 0 P 0
L 2.1175197 3.1381104 2.1275197 3.1281104 0 P 0
L 2.1175197 3.1414175 2.1275197 3.1514175 0 P 0
L 2.1175197 3.1814175 2.1275197 3.1714175 0 P 0
L 2.119 3.266 2.129 3.246 0 P 0
L 2.119 3.266 2.129 3.286 0 P 0
L 2.1275197 3.0648033 2.1375197 3.0648033 0 P 0
L 2.1275197 3.0748033 2.1375197 3.0648033 0 P 0
L 2.1275197 3.0748033 2.1375197 3.0848033 0 P 0
L 2.1275197 3.0848033 2.1375197 3.0848033 0 P 0
L 2.1275197 3.1081104 2.1375197 3.1081104 0 P 0
L 2.1275197 3.1181104 2.1375197 3.1081104 0 P 0
L 2.1275197 3.1181104 2.1375197 3.1281104 0 P 0
L 2.1275197 3.1281104 2.1375197 3.1281104 0 P 0
L 2.1275197 3.1514175 2.1375197 3.1514175 0 P 0
L 2.1275197 3.1614175 2.1375197 3.1514175 0 P 0
L 2.1275197 3.1614175 2.1375197 3.1714175 0 P 0
L 2.1275197 3.1714175 2.1375197 3.1714175 0 P 0
L 2.1441674 3.2253198 2.1541674 3.2453198 0 P 0
L 2.1441674 3.2253198 2.1641674 3.2353198 0 P 0
L 2.1441674 3.2653198 2.1541674 3.2453198 0 P 0
L 2.1441674 3.2653198 2.1641674 3.2553198 0 P 0
L 2.1518114 2.9552782 2.1618114 2.9752782 0 P 0
L 2.1518114 2.9552782 2.1718114 2.9652782 0 P 0
L 2.1518114 2.9952782 2.1618114 2.9752782 0 P 0
L 2.1518114 2.9952782 2.1718114 2.9852782 0 P 0
L 2.1641674 3.2353198 2.1841674 3.2253198 0 P 0
L 2.1641674 3.2553198 2.1841674 3.2653198 0 P 0
L 2.1718114 2.9652782 2.1918114 2.9552782 0 P 0
L 2.1718114 2.9852782 2.1918114 2.9952782 0 P 0
L 2.1741674 3.2453198 2.1841674 3.2253198 0 P 0
L 2.1741674 3.2453198 2.1841674 3.2653198 0 P 0
L 2.1818114 2.9752782 2.1918114 2.9552782 0 P 0
L 2.1818114 2.9752782 2.1918114 2.9952782 0 P 0
L 2.1880709 2.8677954 2.1980709 2.8877954 0 P 0
L 2.1880709 2.8677954 2.2080709 2.8777954 0 P 0
L 2.1880709 2.9077954 2.1980709 2.8877954 0 P 0
L 2.1880709 2.9077954 2.2080709 2.8977954 0 P 0
L 2.2080709 2.8777954 2.2280709 2.8677954 0 P 0
L 2.2080709 2.8977954 2.2280709 2.9077954 0 P 0
L 2.2180709 2.8877954 2.2280709 2.8677954 0 P 0
L 2.2180709 2.8877954 2.2280709 2.9077954 0 P 0
L 2.2244818 2.879022 2.2344818 2.899022 0 P 0
L 2.2244818 2.879022 2.2444818 2.889022 0 P 0
L 2.2244818 2.919022 2.2344818 2.899022 0 P 0
L 2.2244818 2.919022 2.2444818 2.909022 0 P 0
L 2.244 3.237 2.254 3.257 0 P 0
L 2.244 3.237 2.264 3.247 0 P 0
L 2.244 3.277 2.254 3.257 0 P 0
L 2.244 3.277 2.264 3.267 0 P 0
L 2.2444818 2.889022 2.2644818 2.879022 0 P 0
L 2.2444818 2.909022 2.2644818 2.919022 0 P 0
L 2.247 3.363 2.257 3.383 0 P 0
L 2.247 3.363 2.267 3.373 0 P 0
L 2.247 3.403 2.257 3.383 0 P 0
L 2.247 3.403 2.267 3.393 0 P 0
L 2.2544818 2.899022 2.2644818 2.879022 0 P 0
L 2.2544818 2.899022 2.2644818 2.919022 0 P 0
L 2.264 3.247 2.284 3.237 0 P 0
L 2.264 3.267 2.284 3.277 0 P 0
L 2.267 3.373 2.287 3.363 0 P 0
L 2.267 3.393 2.287 3.403 0 P 0
L 2.274 3.257 2.284 3.237 0 P 0
L 2.274 3.257 2.284 3.277 0 P 0
L 2.277 3.383 2.287 3.363 0 P 0
L 2.277 3.383 2.287 3.403 0 P 0
L 2.2973656 2.9335032 2.3073656 2.9535032 0 P 0
L 2.2973656 2.9335032 2.3173656 2.9435032 0 P 0
L 2.2973656 2.9735032 2.3073656 2.9535032 0 P 0
L 2.2973656 2.9735032 2.3173656 2.9635032 0 P 0
L 2.3173656 2.9435032 2.3373656 2.9335032 0 P 0
L 2.3173656 2.9635032 2.3373656 2.9735032 0 P 0
L 2.3273656 2.9535032 2.3373656 2.9335032 0 P 0
L 2.3273656 2.9535032 2.3373656 2.9735032 0 P 0
L 2.337 3.365 2.347 3.385 0 P 0
L 2.337 3.365 2.357 3.375 0 P 0
L 2.337 3.405 2.347 3.385 0 P 0
L 2.337 3.405 2.357 3.395 0 P 0
L 2.357 3.375 2.377 3.365 0 P 0
L 2.357 3.395 2.377 3.405 0 P 0
L 2.367 3.385 2.377 3.365 0 P 0
L 2.367 3.385 2.377 3.405 0 P 0
L 2.384 3.13 2.384 3.17 0 P 0
L 2.384 3.13 2.424 3.13 0 P 0
L 2.384 3.17 2.424 3.17 0 P 0
L 2.391 3.341 2.401 3.361 0 P 0
L 2.391 3.341 2.411 3.351 0 P 0
L 2.391 3.381 2.401 3.361 0 P 0
L 2.391 3.381 2.411 3.371 0 P 0
L 2.41 3.187 2.42 3.207 0 P 0
L 2.41 3.187 2.43 3.197 0 P 0
L 2.41 3.227 2.42 3.207 0 P 0
L 2.41 3.227 2.43 3.217 0 P 0
L 2.411 3.351 2.431 3.341 0 P 0
L 2.411 3.371 2.431 3.381 0 P 0
L 2.421 3.361 2.431 3.341 0 P 0
L 2.421 3.361 2.431 3.381 0 P 0
L 2.424 3.13 2.424 3.17 0 P 0
L 2.43 3.197 2.45 3.187 0 P 0
L 2.43 3.217 2.45 3.227 0 P 0
L 2.44 3.207 2.45 3.187 0 P 0
L 2.44 3.207 2.45 3.227 0 P 0
L 2.4781103 2.8155513 2.4781103 2.8355513 0 P 0
L 2.4781103 2.8155513 2.4881103 2.8155513 0 P 0
L 2.4781103 2.8355513 2.4881103 2.8355513 0 P 0
L 2.4781103 2.9155513 2.4781103 2.9355513 0 P 0
L 2.4781103 2.9155513 2.4881103 2.9155513 0 P 0
L 2.4781103 2.9355513 2.4881103 2.9355513 0 P 0
L 2.4781103 3.0155513 2.4781103 3.0355513 0 P 0
L 2.4781103 3.0155513 2.4881103 3.0155513 0 P 0
L 2.4781103 3.0355513 2.4881103 3.0355513 0 P 0
L 2.4781103 3.1355513 2.4781103 3.1555513 0 P 0
L 2.4781103 3.1355513 2.4881103 3.1355513 0 P 0
L 2.4781103 3.1555513 2.4881103 3.1555513 0 P 0
L 2.4781103 3.2355513 2.4781103 3.2555513 0 P 0
L 2.4781103 3.2355513 2.4881103 3.2355513 0 P 0
L 2.4781103 3.2555513 2.4881103 3.2555513 0 P 0
L 2.4781103 3.3355513 2.4781103 3.3555513 0 P 0
L 2.4781103 3.3355513 2.4881103 3.3355513 0 P 0
L 2.4781103 3.3555513 2.4881103 3.3555513 0 P 0
L 2.4881103 2.8055513 2.4881103 2.8155513 0 P 0
L 2.4881103 2.8055513 2.5081103 2.8055513 0 P 0
L 2.4881103 2.8355513 2.4881103 2.8455513 0 P 0
L 2.4881103 2.8455513 2.5081103 2.8455513 0 P 0
L 2.4881103 2.9055513 2.4881103 2.9155513 0 P 0
L 2.4881103 2.9055513 2.5081103 2.9055513 0 P 0
L 2.4881103 2.9355513 2.4881103 2.9455513 0 P 0
L 2.4881103 2.9455513 2.5081103 2.9455513 0 P 0
L 2.4881103 3.0055513 2.4881103 3.0155513 0 P 0
L 2.4881103 3.0055513 2.5081103 3.0055513 0 P 0
L 2.4881103 3.0355513 2.4881103 3.0455513 0 P 0
L 2.4881103 3.0455513 2.5081103 3.0455513 0 P 0
L 2.4881103 3.1255513 2.4881103 3.1355513 0 P 0
L 2.4881103 3.1255513 2.5081103 3.1255513 0 P 0
L 2.4881103 3.1555513 2.4881103 3.1655513 0 P 0
L 2.4881103 3.1655513 2.5081103 3.1655513 0 P 0
L 2.4881103 3.2255513 2.4881103 3.2355513 0 P 0
L 2.4881103 3.2255513 2.5081103 3.2255513 0 P 0
L 2.4881103 3.2555513 2.4881103 3.2655513 0 P 0
L 2.4881103 3.2655513 2.5081103 3.2655513 0 P 0
L 2.4881103 3.3255513 2.4881103 3.3355513 0 P 0
L 2.4881103 3.3255513 2.5081103 3.3255513 0 P 0
L 2.4881103 3.3555513 2.4881103 3.3655513 0 P 0
L 2.4881103 3.3655513 2.5081103 3.3655513 0 P 0
L 2.5081103 2.8055513 2.5081103 2.8155513 0 P 0
L 2.5081103 2.8155513 2.5181103 2.8155513 0 P 0
L 2.5081103 2.8355513 2.5081103 2.8455513 0 P 0
L 2.5081103 2.8355513 2.5181103 2.8355513 0 P 0
L 2.5081103 2.9055513 2.5081103 2.9155513 0 P 0
L 2.5081103 2.9155513 2.5181103 2.9155513 0 P 0
L 2.5081103 2.9355513 2.5081103 2.9455513 0 P 0
L 2.5081103 2.9355513 2.5181103 2.9355513 0 P 0
L 2.5081103 3.0055513 2.5081103 3.0155513 0 P 0
L 2.5081103 3.0155513 2.5181103 3.0155513 0 P 0
L 2.5081103 3.0355513 2.5081103 3.0455513 0 P 0
L 2.5081103 3.0355513 2.5181103 3.0355513 0 P 0
L 2.5081103 3.1255513 2.5081103 3.1355513 0 P 0
L 2.5081103 3.1355513 2.5181103 3.1355513 0 P 0
L 2.5081103 3.1555513 2.5081103 3.1655513 0 P 0
L 2.5081103 3.1555513 2.5181103 3.1555513 0 P 0
L 2.5081103 3.2255513 2.5081103 3.2355513 0 P 0
L 2.5081103 3.2355513 2.5181103 3.2355513 0 P 0
L 2.5081103 3.2555513 2.5081103 3.2655513 0 P 0
L 2.5081103 3.2555513 2.5181103 3.2555513 0 P 0
L 2.5081103 3.3255513 2.5081103 3.3355513 0 P 0
L 2.5081103 3.3355513 2.5181103 3.3355513 0 P 0
L 2.5081103 3.3555513 2.5081103 3.3655513 0 P 0
L 2.5081103 3.3555513 2.5181103 3.3555513 0 P 0
L 2.5181103 2.8155513 2.5181103 2.8355513 0 P 0
L 2.5181103 2.9155513 2.5181103 2.9355513 0 P 0
L 2.5181103 3.0155513 2.5181103 3.0355513 0 P 0
L 2.5181103 3.1355513 2.5181103 3.1555513 0 P 0
L 2.5181103 3.2355513 2.5181103 3.2555513 0 P 0
L 2.5181103 3.3355513 2.5181103 3.3555513 0 P 0
L 2.5981103 2.8155513 2.5981103 2.8355513 0 P 0
L 2.5981103 2.8155513 2.6081103 2.8155513 0 P 0
L 2.5981103 2.8355513 2.6081103 2.8355513 0 P 0
L 2.5981103 2.9155513 2.5981103 2.9355513 0 P 0
L 2.5981103 2.9155513 2.6081103 2.9155513 0 P 0
L 2.5981103 2.9355513 2.6081103 2.9355513 0 P 0
L 2.5981103 3.0155513 2.5981103 3.0355513 0 P 0
L 2.5981103 3.0155513 2.6081103 3.0155513 0 P 0
L 2.5981103 3.0355513 2.6081103 3.0355513 0 P 0
L 2.5981103 3.1355513 2.5981103 3.1555513 0 P 0
L 2.5981103 3.1355513 2.6081103 3.1355513 0 P 0
L 2.5981103 3.1555513 2.6081103 3.1555513 0 P 0
L 2.5981103 3.2355513 2.5981103 3.2555513 0 P 0
L 2.5981103 3.2355513 2.6081103 3.2355513 0 P 0
L 2.5981103 3.2555513 2.6081103 3.2555513 0 P 0
L 2.5981103 3.3355513 2.5981103 3.3555513 0 P 0
L 2.5981103 3.3355513 2.6081103 3.3355513 0 P 0
L 2.5981103 3.3555513 2.6081103 3.3555513 0 P 0
L 2.6081103 2.8055513 2.6081103 2.8155513 0 P 0
L 2.6081103 2.8055513 2.6281103 2.8055513 0 P 0
L 2.6081103 2.8355513 2.6081103 2.8455513 0 P 0
L 2.6081103 2.8455513 2.6281103 2.8455513 0 P 0
L 2.6081103 2.9055513 2.6081103 2.9155513 0 P 0
L 2.6081103 2.9055513 2.6281103 2.9055513 0 P 0
L 2.6081103 2.9355513 2.6081103 2.9455513 0 P 0
L 2.6081103 2.9455513 2.6281103 2.9455513 0 P 0
L 2.6081103 3.0055513 2.6081103 3.0155513 0 P 0
L 2.6081103 3.0055513 2.6281103 3.0055513 0 P 0
L 2.6081103 3.0355513 2.6081103 3.0455513 0 P 0
L 2.6081103 3.0455513 2.6281103 3.0455513 0 P 0
L 2.6081103 3.1255513 2.6081103 3.1355513 0 P 0
L 2.6081103 3.1255513 2.6281103 3.1255513 0 P 0
L 2.6081103 3.1555513 2.6081103 3.1655513 0 P 0
L 2.6081103 3.1655513 2.6281103 3.1655513 0 P 0
L 2.6081103 3.2255513 2.6081103 3.2355513 0 P 0
L 2.6081103 3.2255513 2.6281103 3.2255513 0 P 0
L 2.6081103 3.2555513 2.6081103 3.2655513 0 P 0
L 2.6081103 3.2655513 2.6281103 3.2655513 0 P 0
L 2.6081103 3.3255513 2.6081103 3.3355513 0 P 0
L 2.6081103 3.3255513 2.6281103 3.3255513 0 P 0
L 2.6081103 3.3555513 2.6081103 3.3655513 0 P 0
L 2.6081103 3.3655513 2.6281103 3.3655513 0 P 0
L 2.6281103 2.8055513 2.6281103 2.8155513 0 P 0
L 2.6281103 2.8155513 2.6381103 2.8155513 0 P 0
L 2.6281103 2.8355513 2.6281103 2.8455513 0 P 0
L 2.6281103 2.8355513 2.6381103 2.8355513 0 P 0
L 2.6281103 2.9055513 2.6281103 2.9155513 0 P 0
L 2.6281103 2.9155513 2.6381103 2.9155513 0 P 0
L 2.6281103 2.9355513 2.6281103 2.9455513 0 P 0
L 2.6281103 2.9355513 2.6381103 2.9355513 0 P 0
L 2.6281103 3.0055513 2.6281103 3.0155513 0 P 0
L 2.6281103 3.0155513 2.6381103 3.0155513 0 P 0
L 2.6281103 3.0355513 2.6281103 3.0455513 0 P 0
L 2.6281103 3.0355513 2.6381103 3.0355513 0 P 0
L 2.6281103 3.1255513 2.6281103 3.1355513 0 P 0
L 2.6281103 3.1355513 2.6381103 3.1355513 0 P 0
L 2.6281103 3.1555513 2.6281103 3.1655513 0 P 0
L 2.6281103 3.1555513 2.6381103 3.1555513 0 P 0
L 2.6281103 3.2255513 2.6281103 3.2355513 0 P 0
L 2.6281103 3.2355513 2.6381103 3.2355513 0 P 0
L 2.6281103 3.2555513 2.6281103 3.2655513 0 P 0
L 2.6281103 3.2555513 2.6381103 3.2555513 0 P 0
L 2.6281103 3.3255513 2.6281103 3.3355513 0 P 0
L 2.6281103 3.3355513 2.6381103 3.3355513 0 P 0
L 2.6281103 3.3555513 2.6281103 3.3655513 0 P 0
L 2.6281103 3.3555513 2.6381103 3.3555513 0 P 0
L 2.6381103 2.8155513 2.6381103 2.8355513 0 P 0
L 2.6381103 2.9155513 2.6381103 2.9355513 0 P 0
L 2.6381103 3.0155513 2.6381103 3.0355513 0 P 0
L 2.6381103 3.1355513 2.6381103 3.1555513 0 P 0
L 2.6381103 3.2355513 2.6381103 3.2555513 0 P 0
L 2.6381103 3.3355513 2.6381103 3.3555513 0 P 0
L 2.659 3.082 2.669 3.102 0 P 0
L 2.659 3.082 2.679 3.092 0 P 0
L 2.659 3.122 2.669 3.102 0 P 0
L 2.659 3.122 2.679 3.112 0 P 0
L 2.679 3.092 2.699 3.082 0 P 0
L 2.679 3.112 2.699 3.122 0 P 0
L 2.6807874 2.9327559 2.6807874 2.9727559 0 P 0
L 2.6807874 2.9327559 2.7207874 2.9327559 0 P 0
L 2.6807874 2.9727559 2.7207874 2.9727559 0 P 0
L 2.6847244 2.8028346 2.6847244 2.8428346 0 P 0
L 2.6847244 2.8028346 2.7247244 2.8028346 0 P 0
L 2.6847244 2.8428346 2.7247244 2.8428346 0 P 0
L 2.689 3.102 2.699 3.082 0 P 0
L 2.689 3.102 2.699 3.122 0 P 0
L 2.7207874 2.9327559 2.7207874 2.9727559 0 P 0
L 2.7247244 2.8028346 2.7247244 2.8428346 0 P 0
L 2.778 3.179 2.778 3.219 0 P 0
L 2.778 3.179 2.818 3.179 0 P 0
L 2.778 3.219 2.818 3.219 0 P 0
L 2.7981103 3.3305513 2.8181103 3.3105513 0 P 0
L 2.7981103 3.3305513 2.8181103 3.3505513 0 P 0
L 2.818 3.179 2.818 3.219 0 P 0
L 2.8181103 3.3105513 2.8381103 3.3305513 0 P 0
L 2.8181103 3.3505513 2.8381103 3.3305513 0 P 0
L 2.8737008 2.8028346 2.8737008 2.8428346 0 P 0
L 2.8737008 2.8028346 2.9137008 2.8028346 0 P 0
L 2.8737008 2.8428346 2.9137008 2.8428346 0 P 0
L 2.886 3.1 2.896 3.12 0 P 0
L 2.886 3.1 2.906 3.11 0 P 0
L 2.886 3.14 2.896 3.12 0 P 0
L 2.886 3.14 2.906 3.13 0 P 0
L 2.888 3.251 2.898 3.271 0 P 0
L 2.888 3.251 2.908 3.261 0 P 0
L 2.888 3.291 2.898 3.271 0 P 0
L 2.888 3.291 2.908 3.281 0 P 0
L 2.906 3.11 2.926 3.1 0 P 0
L 2.906 3.13 2.926 3.14 0 P 0
L 2.908 3.261 2.928 3.251 0 P 0
L 2.908 3.281 2.928 3.291 0 P 0
L 2.9137008 2.8028346 2.9137008 2.8428346 0 P 0
L 2.916 3.12 2.926 3.1 0 P 0
L 2.916 3.12 2.926 3.14 0 P 0
L 2.918 3.271 2.928 3.251 0 P 0
L 2.918 3.271 2.928 3.291 0 P 0
L 3.025 2.975 3.035 2.995 0 P 0
L 3.025 2.975 3.045 2.985 0 P 0
L 3.025 3.015 3.035 2.995 0 P 0
L 3.025 3.015 3.045 3.005 0 P 0
L 3.04 3.173 3.05 3.193 0 P 0
L 3.04 3.173 3.06 3.183 0 P 0
L 3.04 3.213 3.05 3.193 0 P 0
L 3.04 3.213 3.06 3.203 0 P 0
L 3.045 2.985 3.065 2.975 0 P 0
L 3.045 3.005 3.065 3.015 0 P 0
L 3.055 2.995 3.065 2.975 0 P 0
L 3.055 2.995 3.065 3.015 0 P 0
L 3.06 3.183 3.08 3.173 0 P 0
L 3.06 3.203 3.08 3.213 0 P 0
L 3.07 3.193 3.08 3.173 0 P 0
L 3.07 3.193 3.08 3.213 0 P 0
L 3.1381103 2.8205513 3.1381103 2.8305513 0 P 0
L 3.1381103 2.8205513 3.1481103 2.8205513 0 P 0
L 3.1381103 2.8305513 3.1481103 2.8405513 0 P 0
L 3.1381103 2.8505513 3.1381103 2.8605513 0 P 0
L 3.1381103 2.8505513 3.1481103 2.8405513 0 P 0
L 3.1381103 2.8605513 3.1481103 2.8605513 0 P 0
L 3.1381103 2.9205512 3.1381103 2.9305512 0 P 0
L 3.1381103 2.9205512 3.1481103 2.9205512 0 P 0
L 3.1381103 2.9305512 3.1481103 2.9405512 0 P 0
L 3.1381103 2.9505512 3.1381103 2.9605512 0 P 0
L 3.1381103 2.9505512 3.1481103 2.9405512 0 P 0
L 3.1381103 2.9605512 3.1481103 2.9605512 0 P 0
L 3.1381103 3.0205513 3.1381103 3.0305513 0 P 0
L 3.1381103 3.0205513 3.1481103 3.0205513 0 P 0
L 3.1381103 3.0305513 3.1481103 3.0405513 0 P 0
L 3.1381103 3.0505513 3.1381103 3.0605513 0 P 0
L 3.1381103 3.0505513 3.1481103 3.0405513 0 P 0
L 3.1381103 3.0605513 3.1481103 3.0605513 0 P 0
L 3.1381103 3.1205513 3.1381103 3.1305513 0 P 0
L 3.1381103 3.1205513 3.1481103 3.1205513 0 P 0
L 3.1381103 3.1305513 3.1481103 3.1405513 0 P 0
L 3.1381103 3.1505513 3.1381103 3.1605513 0 P 0
L 3.1381103 3.1505513 3.1481103 3.1405513 0 P 0
L 3.1381103 3.1605513 3.1481103 3.1605513 0 P 0
L 3.1381103 3.2205513 3.1381103 3.2305513 0 P 0
L 3.1381103 3.2205513 3.1481103 3.2205513 0 P 0
L 3.1381103 3.2305513 3.1481103 3.2405513 0 P 0
L 3.1381103 3.2505513 3.1381103 3.2605513 0 P 0
L 3.1381103 3.2505513 3.1481103 3.2405513 0 P 0
L 3.1381103 3.2605513 3.1481103 3.2605513 0 P 0
L 3.1381103 3.3205514 3.1381103 3.3305514 0 P 0
L 3.1381103 3.3205514 3.1481103 3.3205514 0 P 0
L 3.1381103 3.3305514 3.1481103 3.3405514 0 P 0
L 3.1381103 3.3505514 3.1381103 3.3605514 0 P 0
L 3.1381103 3.3505514 3.1481103 3.3405514 0 P 0
L 3.1381103 3.3605514 3.1481103 3.3605514 0 P 0
L 3.1481103 2.8205513 3.1581103 2.8305513 0 P 0
L 3.1481103 2.8605513 3.1581103 2.8505513 0 P 0
L 3.1481103 2.9205512 3.1581103 2.9305512 0 P 0
L 3.1481103 2.9605512 3.1581103 2.9505512 0 P 0
L 3.1481103 3.0205513 3.1581103 3.0305513 0 P 0
L 3.1481103 3.0605513 3.1581103 3.0505513 0 P 0
L 3.1481103 3.1205513 3.1581103 3.1305513 0 P 0
L 3.1481103 3.1605513 3.1581103 3.1505513 0 P 0
L 3.1481103 3.2205513 3.1581103 3.2305513 0 P 0
L 3.1481103 3.2605513 3.1581103 3.2505513 0 P 0
L 3.1481103 3.3205514 3.1581103 3.3305514 0 P 0
L 3.1481103 3.3605514 3.1581103 3.3505514 0 P 0
L 3.1581103 2.8305513 3.1681103 2.8205513 0 P 0
L 3.1581103 2.8505513 3.1681103 2.8605513 0 P 0
L 3.1581103 2.9305512 3.1681103 2.9205512 0 P 0
L 3.1581103 2.9505512 3.1681103 2.9605512 0 P 0
L 3.1581103 3.0305513 3.1681103 3.0205513 0 P 0
L 3.1581103 3.0505513 3.1681103 3.0605513 0 P 0
L 3.1581103 3.1305513 3.1681103 3.1205513 0 P 0
L 3.1581103 3.1505513 3.1681103 3.1605513 0 P 0
L 3.1581103 3.2305513 3.1681103 3.2205513 0 P 0
L 3.1581103 3.2505513 3.1681103 3.2605513 0 P 0
L 3.1581103 3.3305514 3.1681103 3.3205514 0 P 0
L 3.1581103 3.3505514 3.1681103 3.3605514 0 P 0
L 3.1681103 2.8205513 3.1781103 2.8205513 0 P 0
L 3.1681103 2.8405513 3.1781103 2.8305513 0 P 0
L 3.1681103 2.8405513 3.1781103 2.8505513 0 P 0
L 3.1681103 2.8605513 3.1781103 2.8605513 0 P 0
L 3.1681103 2.9205512 3.1781103 2.9205512 0 P 0
L 3.1681103 2.9405512 3.1781103 2.9305512 0 P 0
L 3.1681103 2.9405512 3.1781103 2.9505512 0 P 0
L 3.1681103 2.9605512 3.1781103 2.9605512 0 P 0
L 3.1681103 3.0205513 3.1781103 3.0205513 0 P 0
L 3.1681103 3.0405513 3.1781103 3.0305513 0 P 0
L 3.1681103 3.0405513 3.1781103 3.0505513 0 P 0
L 3.1681103 3.0605513 3.1781103 3.0605513 0 P 0
L 3.1681103 3.1205513 3.1781103 3.1205513 0 P 0
L 3.1681103 3.1405513 3.1781103 3.1305513 0 P 0
L 3.1681103 3.1405513 3.1781103 3.1505513 0 P 0
L 3.1681103 3.1605513 3.1781103 3.1605513 0 P 0
L 3.1681103 3.2205513 3.1781103 3.2205513 0 P 0
L 3.1681103 3.2405513 3.1781103 3.2305513 0 P 0
L 3.1681103 3.2405513 3.1781103 3.2505513 0 P 0
L 3.1681103 3.2605513 3.1781103 3.2605513 0 P 0
L 3.1681103 3.3205514 3.1781103 3.3205514 0 P 0
L 3.1681103 3.3405514 3.1781103 3.3305514 0 P 0
L 3.1681103 3.3405514 3.1781103 3.3505514 0 P 0
L 3.1681103 3.3605514 3.1781103 3.3605514 0 P 0
L 3.1781103 2.8205513 3.1781103 2.8305513 0 P 0
L 3.1781103 2.8505513 3.1781103 2.8605513 0 P 0
L 3.1781103 2.9205512 3.1781103 2.9305512 0 P 0
L 3.1781103 2.9505512 3.1781103 2.9605512 0 P 0
L 3.1781103 3.0205513 3.1781103 3.0305513 0 P 0
L 3.1781103 3.0505513 3.1781103 3.0605513 0 P 0
L 3.1781103 3.1205513 3.1781103 3.1305513 0 P 0
L 3.1781103 3.1505513 3.1781103 3.1605513 0 P 0
L 3.1781103 3.2205513 3.1781103 3.2305513 0 P 0
L 3.1781103 3.2505513 3.1781103 3.2605513 0 P 0
L 3.1781103 3.3205514 3.1781103 3.3305514 0 P 0
L 3.1781103 3.3505514 3.1781103 3.3605514 0 P 0
L 3.2083465 2.8185827 3.2083465 2.8585827 0 P 0
L 3.2083465 2.8185827 3.2483465 2.8185827 0 P 0
L 3.2083465 2.8585827 3.2483465 2.8585827 0 P 0
L 3.2083465 2.9209449 3.2083465 2.9609449 0 P 0
L 3.2083465 2.9209449 3.2483465 2.9209449 0 P 0
L 3.2083465 2.9609449 3.2483465 2.9609449 0 P 0
L 3.2083465 3.0193701 3.2083465 3.0593701 0 P 0
L 3.2083465 3.0193701 3.2483465 3.0193701 0 P 0
L 3.2083465 3.0593701 3.2483465 3.0593701 0 P 0
L 3.2083465 3.1217323 3.2083465 3.1617323 0 P 0
L 3.2083465 3.1217323 3.2483465 3.1217323 0 P 0
L 3.2083465 3.1617323 3.2483465 3.1617323 0 P 0
L 3.2083465 3.2240945 3.2083465 3.2640945 0 P 0
L 3.2083465 3.2240945 3.2483465 3.2240945 0 P 0
L 3.2083465 3.2640945 3.2483465 3.2640945 0 P 0
L 3.2162205 3.3225197 3.2162205 3.3625197 0 P 0
L 3.2162205 3.3225197 3.2562205 3.3225197 0 P 0
L 3.2162205 3.3625197 3.2562205 3.3625197 0 P 0
L 3.2483465 2.8185827 3.2483465 2.8585827 0 P 0
L 3.2483465 2.9209449 3.2483465 2.9609449 0 P 0
L 3.2483465 3.0193701 3.2483465 3.0593701 0 P 0
L 3.2483465 3.1217323 3.2483465 3.1617323 0 P 0
L 3.2483465 3.2240945 3.2483465 3.2640945 0 P 0
L 3.2562205 3.3225197 3.2562205 3.3625197 0 P 0
