UNITS=INCH
#Layer_Color=0
#
#Feature symbol names
#
$0 r5

#
#Feature attribute names
#

#
#Layer features
#
L 1.1791339 2.930315 1.2027559 2.930315 0 P 0
L 1.1791339 3.2704724 1.2027559 3.2704724 0 P 0
L 1.1909449 2.918504 1.1909449 2.942126 0 P 0
L 1.1909449 3.2586614 1.1909449 3.2822834 0 P 0
L 1.3090551 2.8346457 1.3877953 2.8346457 0 P 0
L 1.3230315 2.9866142 1.3486221 2.9866142 0 P 0
L 1.3230315 3.2141732 1.3486221 3.2141732 0 P 0
L 1.3358268 2.9738189 1.3358268 2.9994095 0 P 0
L 1.3358268 3.2013779 1.3358268 3.2269685 0 P 0
L 1.3437008 2.930315 1.3673228 2.930315 0 P 0
L 1.3437008 3.2704724 1.3673228 3.2704724 0 P 0
L 1.3484252 2.7952756 1.3484252 2.8740158 0 P 0
L 1.3555118 2.918504 1.3555118 2.942126 0 P 0
L 1.3555118 3.2586614 1.3555118 3.2822834 0 P 0
L 1.408063 3.03 1.415937 3.03 0 P 0
L 1.4094488 3.1496063 1.4173228 3.1496063 0 P 0
L 1.412 3.026063 1.412 3.033937 0 P 0
L 1.4133858 3.1456693 1.4133858 3.1535433 0 P 0
L 1.426063 2.863 1.433937 2.863 0 P 0
L 1.43 2.859063 1.43 2.866937 0 P 0
L 1.4330709 3.2185039 1.4409449 3.2185039 0 P 0
L 1.4330709 3.238189 1.4409449 3.238189 0 P 0
L 1.4330709 3.257874 1.4409449 3.257874 0 P 0
L 1.4370079 3.2145669 1.4370079 3.2224409 0 P 0
L 1.4370079 3.234252 1.4370079 3.242126 0 P 0
L 1.4370079 3.253937 1.4370079 3.261811 0 P 0
L 1.4527559 2.9330708 1.4606299 2.9330708 0 P 0
L 1.4527559 2.9527559 1.4606299 2.9527559 0 P 0
L 1.4527559 2.9724409 1.4606299 2.9724409 0 P 0
L 1.4527559 3.2185039 1.4606299 3.2185039 0 P 0
L 1.4527559 3.238189 1.4606299 3.238189 0 P 0
L 1.4527559 3.257874 1.4606299 3.257874 0 P 0
L 1.4566929 2.9291338 1.4566929 2.9370078 0 P 0
L 1.4566929 2.9488189 1.4566929 2.9566929 0 P 0
L 1.4566929 2.9685039 1.4566929 2.9763779 0 P 0
L 1.4566929 3.2145669 1.4566929 3.2224409 0 P 0
L 1.4566929 3.234252 1.4566929 3.242126 0 P 0
L 1.4566929 3.253937 1.4566929 3.261811 0 P 0
L 1.4724409 2.9330708 1.4803149 2.9330708 0 P 0
L 1.4724409 2.9527559 1.4803149 2.9527559 0 P 0
L 1.4724409 2.9724409 1.4803149 2.9724409 0 P 0
L 1.4763779 2.9291338 1.4763779 2.9370078 0 P 0
L 1.4763779 2.9488189 1.4763779 2.9566929 0 P 0
L 1.4763779 2.9685039 1.4763779 2.9763779 0 P 0
L 1.492126 2.874 1.507874 2.874 0 P 0
L 1.498063 3.225 1.505937 3.225 0 P 0
L 1.5 2.866126 1.5 2.881874 0 P 0
L 1.502 3.221063 1.502 3.228937 0 P 0
L 1.5236221 3.1496063 1.5314961 3.1496063 0 P 0
L 1.5236221 3.1692913 1.5314961 3.1692913 0 P 0
L 1.5275591 3.1456693 1.5275591 3.1535433 0 P 0
L 1.5275591 3.1653543 1.5275591 3.1732283 0 P 0
L 1.532126 3.335 1.547874 3.335 0 P 0
L 1.5374016 3.0019685 1.5531496 3.0019685 0 P 0
L 1.54 3.327126 1.54 3.342874 0 P 0
L 1.5452756 2.9940945 1.5452756 3.0098425 0 P 0
L 1.5472441 3.1496063 1.5551181 3.1496063 0 P 0
L 1.5472441 3.1692913 1.5551181 3.1692913 0 P 0
L 1.548126 2.851 1.563874 2.851 0 P 0
L 1.5511811 3.1456693 1.5511811 3.1535433 0 P 0
L 1.5511811 3.1653543 1.5511811 3.1732283 0 P 0
L 1.556 2.843126 1.556 2.858874 0 P 0
L 1.597 3.165 1.613 3.165 0 P 0
L 1.605 3.157 1.605 3.173 0 P 0
L 1.6085985 3.3362835 1.6243465 3.3362835 0 P 0
L 1.6164725 3.3284095 1.6164725 3.3441575 0 P 0
L 1.6195744 2.8135198 1.6353224 2.8135198 0 P 0
L 1.622126 2.882 1.637874 2.882 0 P 0
L 1.6274484 2.8056458 1.6274484 2.8213938 0 P 0
L 1.63 2.874126 1.63 2.889874 0 P 0
L 1.6416063 3.0590551 1.6576063 3.0590551 0 P 0
L 1.6496063 3.0510551 1.6496063 3.0670551 0 P 0
L 1.6653543 3.2283465 1.6811023 3.2283465 0 P 0
L 1.6732283 3.2204725 1.6732283 3.2362205 0 P 0
L 1.6967244 3.0590551 1.7127244 3.0590551 0 P 0
L 1.7047244 3.0510551 1.7047244 3.0670551 0 P 0
L 1.7116142 2.8464567 1.7273622 2.8464567 0 P 0
L 1.7194882 2.8385827 1.7194882 2.8543307 0 P 0
L 1.7480315 3.2283465 1.7637795 3.2283465 0 P 0
L 1.7559055 3.2204725 1.7559055 3.2362205 0 P 0
L 1.802 3.35 1.818 3.35 0 P 0
L 1.802126 3.385 1.817874 3.385 0 P 0
L 1.81 3.342 1.81 3.358 0 P 0
L 1.81 3.377126 1.81 3.392874 0 P 0
L 1.827126 2.89 1.842874 2.89 0 P 0
L 1.835 2.882126 1.835 2.897874 0 P 0
L 1.837126 3.35 1.852874 3.35 0 P 0
L 1.837126 3.385 1.852874 3.385 0 P 0
L 1.845 3.342126 1.845 3.357874 0 P 0
L 1.845 3.377126 1.845 3.392874 0 P 0
L 1.872126 2.895 1.887874 2.895 0 P 0
L 1.872126 3.385 1.887874 3.385 0 P 0
L 1.88 2.887126 1.88 2.902874 0 P 0
L 1.88 3.377126 1.88 3.392874 0 P 0
L 1.8848425 3.1879922 1.9005905 3.1879922 0 P 0
L 1.8927165 3.1801182 1.8927165 3.1958662 0 P 0
L 1.906634 2.8839926 1.922382 2.8839926 0 P 0
L 1.914508 2.8761186 1.914508 2.8918666 0 P 0
L 1.932126 3.16 1.947874 3.16 0 P 0
L 1.9370079 3.007874 1.9527559 3.007874 0 P 0
L 1.9391594 2.8235066 1.9549074 2.8235066 0 P 0
L 1.94 3.152126 1.94 3.167874 0 P 0
L 1.942126 3.31 1.957874 3.31 0 P 0
L 1.9448819 3 1.9448819 3.015748 0 P 0
L 1.9470334 2.8156326 1.9470334 2.8313806 0 P 0
L 1.95 3.302126 1.95 3.317874 0 P 0
L 1.981 2.846 1.997 2.846 0 P 0
L 1.989 2.838 1.989 2.854 0 P 0
L 2.012126 3.31 2.027874 3.31 0 P 0
L 2.02 3.302126 2.02 3.317874 0 P 0
L 2.0269685 3.0748033 2.0348425 3.0748033 0 P 0
L 2.0269685 3.1181104 2.0348425 3.1181104 0 P 0
L 2.0269685 3.1614175 2.0348425 3.1614175 0 P 0
L 2.0309055 3.0708663 2.0309055 3.0787403 0 P 0
L 2.0309055 3.1141734 2.0309055 3.1220474 0 P 0
L 2.0309055 3.1574805 2.0309055 3.1653545 0 P 0
L 2.062126 3.295 2.077874 3.295 0 P 0
L 2.07 3.287126 2.07 3.302874 0 P 0
L 2.0702756 3.0748033 2.0781496 3.0748033 0 P 0
L 2.0702756 3.1181104 2.0781496 3.1181104 0 P 0
L 2.0702756 3.1614175 2.0781496 3.1614175 0 P 0
L 2.0742126 3.0708663 2.0742126 3.0787403 0 P 0
L 2.0742126 3.1141734 2.0742126 3.1220474 0 P 0
L 2.0742126 3.1574805 2.0742126 3.1653545 0 P 0
L 2.0927852 2.9551106 2.1085332 2.9551106 0 P 0
L 2.0931596 2.8147606 2.1089076 2.8147606 0 P 0
L 2.1006592 2.9472366 2.1006592 2.9629846 0 P 0
L 2.1010336 2.8068866 2.1010336 2.8226346 0 P 0
L 2.1135827 3.0748033 2.1214567 3.0748033 0 P 0
L 2.1135827 3.1181104 2.1214567 3.1181104 0 P 0
L 2.1135827 3.1614175 2.1214567 3.1614175 0 P 0
L 2.117126 3.2907796 2.132874 3.2907796 0 P 0
L 2.1175197 3.0708663 2.1175197 3.0787403 0 P 0
L 2.1175197 3.1141734 2.1175197 3.1220474 0 P 0
L 2.1175197 3.1574805 2.1175197 3.1653545 0 P 0
L 2.125 3.2829056 2.125 3.2986536 0 P 0
L 2.157126 3.28 2.172874 3.28 0 P 0
L 2.1639374 2.9752782 2.1796854 2.9752782 0 P 0
L 2.165 3.272126 2.165 3.287874 0 P 0
L 2.1718114 2.9674042 2.1718114 2.9831522 0 P 0
L 2.2001969 2.8877954 2.2159449 2.8877954 0 P 0
L 2.2080709 2.8799214 2.2080709 2.8956694 0 P 0
L 2.217126 3.38 2.232874 3.38 0 P 0
L 2.225 3.372126 2.225 3.387874 0 P 0
L 2.2366078 2.899022 2.2523558 2.899022 0 P 0
L 2.2444818 2.891148 2.2444818 2.906896 0 P 0
L 2.247126 3.09 2.262874 3.09 0 P 0
L 2.247126 3.21 2.262874 3.21 0 P 0
L 2.255 3.082126 2.255 3.097874 0 P 0
L 2.255 3.202126 2.255 3.217874 0 P 0
L 2.257 3.38 2.273 3.38 0 P 0
L 2.265 3.372 2.265 3.388 0 P 0
L 2.2855998 3.1929184 2.3013478 3.1929184 0 P 0
L 2.292126 3.16 2.307874 3.16 0 P 0
L 2.2934738 3.1850444 2.2934738 3.2007924 0 P 0
L 2.297126 3.2440001 2.312874 3.2440001 0 P 0
L 2.3 3.152126 2.3 3.167874 0 P 0
L 2.302126 3.38 2.317874 3.38 0 P 0
L 2.305 3.2361261 2.305 3.2518741 0 P 0
L 2.3089365 2.9506886 2.3246845 2.9506886 0 P 0
L 2.31 3.372126 2.31 3.387874 0 P 0
L 2.3168105 2.9428146 2.3168105 2.9585626 0 P 0
L 2.377126 3.12 2.392874 3.12 0 P 0
L 2.377126 3.185 2.392874 3.185 0 P 0
L 2.385 3.112126 2.385 3.127874 0 P 0
L 2.385 3.177126 2.385 3.192874 0 P 0
L 2.4185 2.8249999 2.4615 2.8249999 0 P 0
L 2.4185 2.925 2.4615 2.925 0 P 0
L 2.4185 3.025 2.4615 3.025 0 P 0
L 2.4185 3.145 2.4615 3.145 0 P 0
L 2.4185 3.245 2.4615 3.245 0 P 0
L 2.4185 3.345 2.4615 3.345 0 P 0
L 2.44 2.8034999 2.44 2.8464999 0 P 0
L 2.44 2.9035 2.44 2.9465 0 P 0
L 2.44 3.0035 2.44 3.0465 0 P 0
L 2.44 3.1235 2.44 3.1665 0 P 0
L 2.44 3.2235 2.44 3.2665 0 P 0
L 2.44 3.3235 2.44 3.3665 0 P 0
L 2.487 2.795 2.503 2.795 0 P 0
L 2.495 2.787 2.495 2.803 0 P 0
L 2.507 2.845 2.523 2.845 0 P 0
L 2.515 2.837 2.515 2.853 0 P 0
L 2.532 2.795 2.548 2.795 0 P 0
L 2.537126 3.03 2.552874 3.03 0 P 0
L 2.54 2.787 2.54 2.803 0 P 0
L 2.545 3.022126 2.545 3.037874 0 P 0
L 2.5835 2.8249999 2.6265 2.8249999 0 P 0
L 2.5835 2.925 2.6265 2.925 0 P 0
L 2.5835 3.025 2.6265 3.025 0 P 0
L 2.5835 3.1449999 2.6265 3.1449999 0 P 0
L 2.5835 3.245 2.6265 3.245 0 P 0
L 2.5835 3.345 2.6265 3.345 0 P 0
L 2.605 2.8034999 2.605 2.8464999 0 P 0
L 2.605 2.9035 2.605 2.9465 0 P 0
L 2.605 3.0035 2.605 3.0465 0 P 0
L 2.605 3.1234999 2.605 3.1664999 0 P 0
L 2.605 3.2235 2.605 3.2665 0 P 0
L 2.605 3.3235 2.605 3.3665 0 P 0
L 2.8556299 2.845 2.9343701 2.845 0 P 0
L 2.882126 3.375 2.897874 3.375 0 P 0
L 2.89 3.367126 2.89 3.382874 0 P 0
L 2.8944479 3.1949054 2.9101959 3.1949054 0 P 0
L 2.895 2.8056299 2.895 2.8843701 0 P 0
L 2.9023219 3.1870314 2.9023219 3.2027794 0 P 0
L 2.999126 3.319 3.014874 3.319 0 P 0
L 3.007 3.311126 3.007 3.326874 0 P 0
L 3.037126 2.995 3.052874 2.995 0 P 0
L 3.045 2.987126 3.045 3.002874 0 P 0
L 3.052126 3.193 3.067874 3.193 0 P 0
L 3.06 3.185126 3.06 3.200874 0 P 0
L 3.1364568 2.8405513 3.1797638 2.8405513 0 P 0
L 3.1364568 2.9405512 3.1797638 2.9405512 0 P 0
L 3.1364568 3.0405513 3.1797638 3.0405513 0 P 0
L 3.1364568 3.1405513 3.1797638 3.1405513 0 P 0
L 3.1364568 3.2405513 3.1797638 3.2405513 0 P 0
L 3.1364568 3.3405514 3.1797638 3.3405514 0 P 0
L 3.1581103 2.8188978 3.1581103 2.8622048 0 P 0
L 3.1581103 2.9188977 3.1581103 2.9622047 0 P 0
L 3.1581103 3.0188978 3.1581103 3.0622048 0 P 0
L 3.1581103 3.1188978 3.1581103 3.1622048 0 P 0
L 3.1581103 3.2188978 3.1581103 3.2622048 0 P 0
L 3.1581103 3.3188979 3.1581103 3.3622049 0 P 0
L 3.2203465 2.9409449 3.2363465 2.9409449 0 P 0
L 3.2203465 3.0393701 3.2363465 3.0393701 0 P 0
L 3.2203465 3.1417323 3.2363465 3.1417323 0 P 0
L 3.2203465 3.2440945 3.2363465 3.2440945 0 P 0
L 3.2282205 3.3425197 3.2442205 3.3425197 0 P 0
L 3.2283465 2.9329449 3.2283465 2.9489449 0 P 0
L 3.2283465 3.0313701 3.2283465 3.0473701 0 P 0
L 3.2283465 3.1337323 3.2283465 3.1497323 0 P 0
L 3.2283465 3.2360945 3.2283465 3.2520945 0 P 0
L 3.2362205 3.3345197 3.2362205 3.3505197 0 P 0
