UNITS=INCH
#Layer_Color=9474304
#
#Feature symbol names
#
$0 r5

#
#Feature attribute names
#

#
#Layer features
#
L 1.1791339 2.930315 1.2027559 2.930315 0 P 0
L 1.1791339 3.2704724 1.2027559 3.2704724 0 P 0
L 1.1909449 2.918504 1.1909449 2.942126 0 P 0
L 1.1909449 3.2586614 1.1909449 3.2822834 0 P 0
L 1.3090551 2.8346457 1.3877953 2.8346457 0 P 0
L 1.3230315 2.9866142 1.3486221 2.9866142 0 P 0
L 1.3230315 3.2141732 1.3486221 3.2141732 0 P 0
L 1.3358268 2.9738189 1.3358268 2.9994095 0 P 0
L 1.3358268 3.2013779 1.3358268 3.2269685 0 P 0
L 1.3437008 2.930315 1.3673228 2.930315 0 P 0
L 1.3437008 3.2704724 1.3673228 3.2704724 0 P 0
L 1.3484252 2.7952756 1.3484252 2.8740158 0 P 0
L 1.3555118 2.918504 1.3555118 2.942126 0 P 0
L 1.3555118 3.2586614 1.3555118 3.2822834 0 P 0
L 1.408063 3.03 1.415937 3.03 0 P 0
L 1.4094488 3.1496063 1.4173228 3.1496063 0 P 0
L 1.412 3.026063 1.412 3.033937 0 P 0
L 1.4133858 3.1456693 1.4133858 3.1535433 0 P 0
L 1.426063 2.863 1.433937 2.863 0 P 0
L 1.43 2.859063 1.43 2.866937 0 P 0
L 1.4330709 3.2185039 1.4409449 3.2185039 0 P 0
L 1.4330709 3.238189 1.4409449 3.238189 0 P 0
L 1.4330709 3.257874 1.4409449 3.257874 0 P 0
L 1.4370079 3.2145669 1.4370079 3.2224409 0 P 0
L 1.4370079 3.234252 1.4370079 3.242126 0 P 0
L 1.4370079 3.253937 1.4370079 3.261811 0 P 0
L 1.4527559 2.9330708 1.4606299 2.9330708 0 P 0
L 1.4527559 2.9527559 1.4606299 2.9527559 0 P 0
L 1.4527559 2.9724409 1.4606299 2.9724409 0 P 0
L 1.4527559 3.2185039 1.4606299 3.2185039 0 P 0
L 1.4527559 3.238189 1.4606299 3.238189 0 P 0
L 1.4527559 3.257874 1.4606299 3.257874 0 P 0
L 1.4566929 2.9291338 1.4566929 2.9370078 0 P 0
L 1.4566929 2.9488189 1.4566929 2.9566929 0 P 0
L 1.4566929 2.9685039 1.4566929 2.9763779 0 P 0
L 1.4566929 3.2145669 1.4566929 3.2224409 0 P 0
L 1.4566929 3.234252 1.4566929 3.242126 0 P 0
L 1.4566929 3.253937 1.4566929 3.261811 0 P 0
L 1.4724409 2.9330708 1.4803149 2.9330708 0 P 0
L 1.4724409 2.9527559 1.4803149 2.9527559 0 P 0
L 1.4724409 2.9724409 1.4803149 2.9724409 0 P 0
L 1.4763779 2.9291338 1.4763779 2.9370078 0 P 0
L 1.4763779 2.9488189 1.4763779 2.9566929 0 P 0
L 1.4763779 2.9685039 1.4763779 2.9763779 0 P 0
L 1.492126 2.874 1.507874 2.874 0 P 0
L 1.498063 3.225 1.505937 3.225 0 P 0
L 1.5 2.866126 1.5 2.881874 0 P 0
L 1.502 3.221063 1.502 3.228937 0 P 0
L 1.5236221 3.1496063 1.5314961 3.1496063 0 P 0
L 1.5236221 3.1692913 1.5314961 3.1692913 0 P 0
L 1.5275591 3.1456693 1.5275591 3.1535433 0 P 0
L 1.5275591 3.1653543 1.5275591 3.1732283 0 P 0
L 1.532126 3.335 1.547874 3.335 0 P 0
L 1.5374016 3.0019685 1.5531496 3.0019685 0 P 0
L 1.54 3.327126 1.54 3.342874 0 P 0
L 1.5452756 2.9940945 1.5452756 3.0098425 0 P 0
L 1.5472441 3.1496063 1.5551181 3.1496063 0 P 0
L 1.5472441 3.1692913 1.5551181 3.1692913 0 P 0
L 1.548126 2.851 1.563874 2.851 0 P 0
L 1.5511811 3.1456693 1.5511811 3.1535433 0 P 0
L 1.5511811 3.1653543 1.5511811 3.1732283 0 P 0
L 1.556 2.843126 1.556 2.858874 0 P 0
L 1.6085985 3.3362835 1.6243465 3.3362835 0 P 0
L 1.6164725 3.3284095 1.6164725 3.3441575 0 P 0
L 1.6195744 2.8135198 1.6353224 2.8135198 0 P 0
L 1.622126 2.882 1.637874 2.882 0 P 0
L 1.6274484 2.8056458 1.6274484 2.8213938 0 P 0
L 1.63 2.874126 1.63 2.889874 0 P 0
L 1.6416063 3.0590551 1.6576063 3.0590551 0 P 0
L 1.6496063 3.0510551 1.6496063 3.0670551 0 P 0
L 1.6653543 3.2283465 1.6811023 3.2283465 0 P 0
L 1.6732283 3.2204725 1.6732283 3.2362205 0 P 0
L 1.6967244 3.0590551 1.7127244 3.0590551 0 P 0
L 1.7047244 3.0510551 1.7047244 3.0670551 0 P 0
L 1.7116142 2.8464567 1.7273622 2.8464567 0 P 0
L 1.7194882 2.8385827 1.7194882 2.8543307 0 P 0
L 1.7480315 3.2283465 1.7637795 3.2283465 0 P 0
L 1.7559055 3.2204725 1.7559055 3.2362205 0 P 0
L 1.827126 2.89 1.842874 2.89 0 P 0
L 1.835 2.882126 1.835 2.897874 0 P 0
L 1.872126 2.895 1.887874 2.895 0 P 0
L 1.88 2.887126 1.88 2.902874 0 P 0
L 1.8848425 3.1879922 1.9005905 3.1879922 0 P 0
L 1.8927165 3.1801182 1.8927165 3.1958662 0 P 0
L 1.906634 2.8839926 1.922382 2.8839926 0 P 0
L 1.914508 2.8761186 1.914508 2.8918666 0 P 0
L 1.932126 3.16 1.947874 3.16 0 P 0
L 1.9370079 3.007874 1.9527559 3.007874 0 P 0
L 1.9391594 2.8235066 1.9549074 2.8235066 0 P 0
L 1.94 3.152126 1.94 3.167874 0 P 0
L 1.9448819 3 1.9448819 3.015748 0 P 0
L 1.9470334 2.8156326 1.9470334 2.8313806 0 P 0
L 1.957126 3.29 1.972874 3.29 0 P 0
L 1.965 3.282126 1.965 3.297874 0 P 0
L 1.981 2.846 1.997 2.846 0 P 0
L 1.982126 3.355 1.997874 3.355 0 P 0
L 1.989 2.838 1.989 2.854 0 P 0
L 1.99 3.347126 1.99 3.362874 0 P 0
L 2.0269685 3.0748033 2.0348425 3.0748033 0 P 0
L 2.0269685 3.1181104 2.0348425 3.1181104 0 P 0
L 2.0269685 3.1614175 2.0348425 3.1614175 0 P 0
L 2.0309055 3.0708663 2.0309055 3.0787403 0 P 0
L 2.0309055 3.1141734 2.0309055 3.1220474 0 P 0
L 2.0309055 3.1574805 2.0309055 3.1653545 0 P 0
L 2.031126 3.268 2.046874 3.268 0 P 0
L 2.039 3.260126 2.039 3.275874 0 P 0
L 2.047126 3.355 2.062874 3.355 0 P 0
L 2.055 3.347126 2.055 3.362874 0 P 0
L 2.0651162 3.2682002 2.0808642 3.2682002 0 P 0
L 2.0702756 3.0748033 2.0781496 3.0748033 0 P 0
L 2.0702756 3.1181104 2.0781496 3.1181104 0 P 0
L 2.0702756 3.1614175 2.0781496 3.1614175 0 P 0
L 2.0729902 3.2603262 2.0729902 3.2760742 0 P 0
L 2.0742126 3.0708663 2.0742126 3.0787403 0 P 0
L 2.0742126 3.1141734 2.0742126 3.1220474 0 P 0
L 2.0742126 3.1574805 2.0742126 3.1653545 0 P 0
L 2.0927852 2.9551106 2.1085332 2.9551106 0 P 0
L 2.0931596 2.8147606 2.1089076 2.8147606 0 P 0
L 2.1006592 2.9472366 2.1006592 2.9629846 0 P 0
L 2.1010336 2.8068866 2.1010336 2.8226346 0 P 0
L 2.101126 3.266 2.116874 3.266 0 P 0
L 2.109 3.258126 2.109 3.273874 0 P 0
L 2.1135827 3.0748033 2.1214567 3.0748033 0 P 0
L 2.1135827 3.1181104 2.1214567 3.1181104 0 P 0
L 2.1135827 3.1614175 2.1214567 3.1614175 0 P 0
L 2.1175197 3.0708663 2.1175197 3.0787403 0 P 0
L 2.1175197 3.1141734 2.1175197 3.1220474 0 P 0
L 2.1175197 3.1574805 2.1175197 3.1653545 0 P 0
L 2.1562934 3.2453198 2.1720414 3.2453198 0 P 0
L 2.1639374 2.9752782 2.1796854 2.9752782 0 P 0
L 2.1641674 3.2374458 2.1641674 3.2531938 0 P 0
L 2.1718114 2.9674042 2.1718114 2.9831522 0 P 0
L 2.2001969 2.8877954 2.2159449 2.8877954 0 P 0
L 2.2080709 2.8799214 2.2080709 2.8956694 0 P 0
L 2.2366078 2.899022 2.2523558 2.899022 0 P 0
L 2.2444818 2.891148 2.2444818 2.906896 0 P 0
L 2.256126 3.257 2.271874 3.257 0 P 0
L 2.259126 3.383 2.274874 3.383 0 P 0
L 2.264 3.249126 2.264 3.264874 0 P 0
L 2.267 3.375126 2.267 3.390874 0 P 0
L 2.3094916 2.9535032 2.3252396 2.9535032 0 P 0
L 2.3173656 2.9456292 2.3173656 2.9613772 0 P 0
L 2.349126 3.385 2.364874 3.385 0 P 0
L 2.357 3.377126 2.357 3.392874 0 P 0
L 2.403126 3.361 2.418874 3.361 0 P 0
L 2.411 3.353126 2.411 3.368874 0 P 0
L 2.422126 3.207 2.437874 3.207 0 P 0
L 2.43 3.199126 2.43 3.214874 0 P 0
L 2.4766103 2.8255513 2.5196103 2.8255513 0 P 0
L 2.4766103 2.9255513 2.5196103 2.9255513 0 P 0
L 2.4766103 3.0255513 2.5196103 3.0255513 0 P 0
L 2.4766103 3.1455513 2.5196103 3.1455513 0 P 0
L 2.4766103 3.2455513 2.5196103 3.2455513 0 P 0
L 2.4766103 3.3455513 2.5196103 3.3455513 0 P 0
L 2.4981103 2.8040513 2.4981103 2.8470513 0 P 0
L 2.4981103 2.9040513 2.4981103 2.9470513 0 P 0
L 2.4981103 3.0040513 2.4981103 3.0470513 0 P 0
L 2.4981103 3.1240513 2.4981103 3.1670513 0 P 0
L 2.4981103 3.2240513 2.4981103 3.2670513 0 P 0
L 2.4981103 3.3240513 2.4981103 3.3670513 0 P 0
L 2.5966103 2.8255513 2.6396103 2.8255513 0 P 0
L 2.5966103 2.9255513 2.6396103 2.9255513 0 P 0
L 2.5966103 3.0255513 2.6396103 3.0255513 0 P 0
L 2.5966103 3.1455513 2.6396103 3.1455513 0 P 0
L 2.5966103 3.2455513 2.6396103 3.2455513 0 P 0
L 2.5966103 3.3455513 2.6396103 3.3455513 0 P 0
L 2.6181103 2.8040513 2.6181103 2.8470513 0 P 0
L 2.6181103 2.9040513 2.6181103 2.9470513 0 P 0
L 2.6181103 3.0040513 2.6181103 3.0470513 0 P 0
L 2.6181103 3.1240513 2.6181103 3.1670513 0 P 0
L 2.6181103 3.2240513 2.6181103 3.2670513 0 P 0
L 2.6181103 3.3240513 2.6181103 3.3670513 0 P 0
L 2.671126 3.102 2.686874 3.102 0 P 0
L 2.679 3.094126 2.679 3.109874 0 P 0
L 2.6927874 2.9527559 2.7087874 2.9527559 0 P 0
L 2.6967244 2.8228346 2.7127244 2.8228346 0 P 0
L 2.7007874 2.9447559 2.7007874 2.9607559 0 P 0
L 2.7047244 2.8148346 2.7047244 2.8308346 0 P 0
L 2.7787402 3.3305513 2.8574804 3.3305513 0 P 0
L 2.809 3.187 2.825 3.187 0 P 0
L 2.817 3.179 2.817 3.195 0 P 0
L 2.8181103 3.2911812 2.8181103 3.3699214 0 P 0
L 2.836126 3.232 2.851874 3.232 0 P 0
L 2.8422116 3.1405513 2.8579596 3.1405513 0 P 0
L 2.844 3.224126 2.844 3.239874 0 P 0
L 2.8500856 3.1326773 2.8500856 3.1484253 0 P 0
L 2.8857008 2.8228346 2.9017008 2.8228346 0 P 0
L 2.8937008 2.8148346 2.8937008 2.8308346 0 P 0
L 3.037126 2.995 3.052874 2.995 0 P 0
L 3.045 2.987126 3.045 3.002874 0 P 0
L 3.052126 3.193 3.067874 3.193 0 P 0
L 3.06 3.185126 3.06 3.200874 0 P 0
L 3.1364568 2.8405513 3.1797638 2.8405513 0 P 0
L 3.1364568 2.9405512 3.1797638 2.9405512 0 P 0
L 3.1364568 3.0405513 3.1797638 3.0405513 0 P 0
L 3.1364568 3.1405513 3.1797638 3.1405513 0 P 0
L 3.1364568 3.2405513 3.1797638 3.2405513 0 P 0
L 3.1364568 3.3405514 3.1797638 3.3405514 0 P 0
L 3.1581103 2.8188978 3.1581103 2.8622048 0 P 0
L 3.1581103 2.9188977 3.1581103 2.9622047 0 P 0
L 3.1581103 3.0188978 3.1581103 3.0622048 0 P 0
L 3.1581103 3.1188978 3.1581103 3.1622048 0 P 0
L 3.1581103 3.2188978 3.1581103 3.2622048 0 P 0
L 3.1581103 3.3188979 3.1581103 3.3622049 0 P 0
L 3.2203465 2.8385827 3.2363465 2.8385827 0 P 0
L 3.2203465 2.9409449 3.2363465 2.9409449 0 P 0
L 3.2203465 3.0393701 3.2363465 3.0393701 0 P 0
L 3.2203465 3.1417323 3.2363465 3.1417323 0 P 0
L 3.2203465 3.2440945 3.2363465 3.2440945 0 P 0
L 3.2282205 3.3425197 3.2442205 3.3425197 0 P 0
L 3.2283465 2.8305827 3.2283465 2.8465827 0 P 0
L 3.2283465 2.9329449 3.2283465 2.9489449 0 P 0
L 3.2283465 3.0313701 3.2283465 3.0473701 0 P 0
L 3.2283465 3.1337323 3.2283465 3.1497323 0 P 0
L 3.2283465 3.2360945 3.2283465 3.2520945 0 P 0
L 3.2362205 3.3345197 3.2362205 3.3505197 0 P 0
