UNITS=INCH
#Layer_Color=16711935
#
#Feature symbol names
#
$0 r1

#
#Feature attribute names
#

#
#Layer features
#
L 1.5215669 2.8699134 1.5215669 2.9840866 0 P 0
L 1.5215669 2.8699134 1.5924331 2.8699134 0 P 0
L 1.5215669 2.9840866 1.5924331 2.9840866 0 P 0
L 1.5825119 3.2034804 1.5825119 3.3176536 0 P 0
L 1.5825119 3.2034804 1.6533781 3.2034804 0 P 0
L 1.5825119 3.3176536 1.6533781 3.3176536 0 P 0
L 1.5924331 2.8699134 1.5924331 2.9840866 0 P 0
L 1.6437008 2.7913386 1.6437008 2.9055118 0 P 0
L 1.6437008 2.7913386 1.714567 2.7913386 0 P 0
L 1.6437008 2.9055118 1.714567 2.9055118 0 P 0
L 1.6533781 3.2034804 1.6533781 3.3176536 0 P 0
L 1.714567 2.7913386 1.714567 2.9055118 0 P 0
L 1.7253937 2.7903543 1.7253937 2.9045275 0 P 0
L 1.7253937 2.7903543 1.7962599 2.7903543 0 P 0
L 1.7253937 2.9045275 1.7962599 2.9045275 0 P 0
L 1.7559056 2.9153545 1.7559056 3.0295277 0 P 0
L 1.7559056 2.9153545 1.8267718 2.9153545 0 P 0
L 1.7559056 3.0295277 1.8267718 3.0295277 0 P 0
L 1.7962599 2.7903543 1.7962599 2.9045275 0 P 0
L 1.8267718 2.9153545 1.8267718 3.0295277 0 P 0
L 1.8444882 2.9153545 1.8444882 3.0295277 0 P 0
L 1.8444882 2.9153545 1.9153544 2.9153545 0 P 0
L 1.8444882 3.0295277 1.9153544 3.0295277 0 P 0
L 1.9153544 2.9153545 1.9153544 3.0295277 0 P 0
L 2.0653543 2.8326773 2.0653543 2.9468504 0 P 0
L 2.0653543 2.8326773 2.1362205 2.8326773 0 P 0
L 2.0653543 2.9468504 2.1362205 2.9468506 0 P 0
L 2.1362205 2.8326773 2.1362205 2.9468506 0 P 0
L 2.2818897 2.8228348 2.2818897 2.937008 0 P 0
L 2.2818897 2.8228348 2.352756 2.8228348 0 P 0
L 2.2818897 2.937008 2.352756 2.937008 0 P 0
L 2.352756 2.8228348 2.352756 2.937008 0 P 0
