UNITS=INCH
#Layer_Color=0
#
#Feature symbol names
#
$0 r5
$1 r6.6666
$2 r4

#
#Feature attribute names
#

#
#Layer features
#
A 1.2029449 2.930315 1.2029449 2.930315 1.1909449 2.930315 2 P 0 N
A 1.2029449 3.2704724 1.2029449 3.2704724 1.1909449 3.2704724 2 P 0 N
A 1.2109449 2.930315 1.2109449 2.930315 1.1909449 2.930315 1 P 0 N
A 1.2109449 3.2704724 1.2109449 3.2704724 1.1909449 3.2704724 1 P 0 N
A 1.3558268 2.9866142 1.3558268 2.9866142 1.3358268 2.9866142 1 P 0 N
A 1.3558268 3.2141732 1.3558268 3.2141732 1.3358268 3.2141732 1 P 0 N
L 1.3284252 2.8346457 1.3484252 2.8146457 0 P 0
L 1.3284252 2.8346457 1.3484252 2.8546457 0 P 0
L 1.3355118 2.910315 1.3355118 2.950315 0 P 0
L 1.3355118 2.910315 1.3755118 2.910315 0 P 0
L 1.3355118 2.950315 1.3755118 2.950315 0 P 0
L 1.3355118 3.2504724 1.3355118 3.2904724 0 P 0
L 1.3355118 3.2504724 1.3755118 3.2504724 0 P 0
L 1.3355118 3.2904724 1.3755118 3.2904724 0 P 0
L 1.3435118 2.918315 1.3435118 2.942315 0 P 0
L 1.3435118 2.918315 1.3675118 2.918315 0 P 0
L 1.3435118 2.942315 1.3675118 2.942315 0 P 0
L 1.3435118 3.2584724 1.3435118 3.2824724 0 P 0
L 1.3435118 3.2584724 1.3675118 3.2584724 0 P 0
L 1.3435118 3.2824724 1.3675118 3.2824724 0 P 0
L 1.3484252 2.8146457 1.3684252 2.8346457 0 P 0
L 1.3484252 2.8546457 1.3684252 2.8346457 0 P 0
L 1.3675118 2.918315 1.3675118 2.942315 0 P 0
L 1.3675118 3.2584724 1.3675118 3.2824724 0 P 0
L 1.3755118 2.910315 1.3755118 2.950315 0 P 0
L 1.3755118 3.2504724 1.3755118 3.2904724 0 P 0
L 1.392 3.02 1.402 3.02 0 P 0
L 1.392 3.02 1.402 3.03 0 P 0
L 1.392 3.04 1.402 3.03 0 P 0
L 1.392 3.04 1.402 3.04 0 P 0
L 1.3933858 3.1396063 1.4033858 3.1396063 0 P 0
L 1.3933858 3.1396063 1.4033858 3.1496063 0 P 0
L 1.3933858 3.1596063 1.4033858 3.1496063 0 P 0
L 1.3933858 3.1596063 1.4033858 3.1596063 0 P 0
L 1.402 3.02 1.412 3.01 0 P 0
L 1.402 3.04 1.412 3.05 0 P 0
L 1.4033858 3.1396063 1.4133858 3.1296063 0 P 0
L 1.4033858 3.1596063 1.4133858 3.1696063 0 P 0
L 1.41 2.853 1.42 2.853 0 P 0
L 1.41 2.853 1.42 2.863 0 P 0
L 1.41 2.873 1.42 2.863 0 P 0
L 1.41 2.873 1.42 2.873 0 P 0
L 1.412 3.01 1.422 3.02 0 P 0
L 1.412 3.05 1.422 3.04 0 P 0
L 1.4133858 3.1296063 1.4233858 3.1396063 0 P 0
L 1.4133858 3.1696063 1.4233858 3.1596063 0 P 0
L 1.4170079 3.2085039 1.4270079 3.2085039 0 P 0
L 1.4170079 3.2085039 1.4270079 3.2185039 0 P 0
L 1.4170079 3.228189 1.4270079 3.228189 0 P 0
L 1.4170079 3.228189 1.4270079 3.238189 0 P 0
L 1.4170079 3.2285039 1.4270079 3.2185039 0 P 0
L 1.4170079 3.2285039 1.4270079 3.2285039 0 P 0
L 1.4170079 3.247874 1.4270079 3.247874 0 P 0
L 1.4170079 3.247874 1.4270079 3.257874 0 P 0
L 1.4170079 3.248189 1.4270079 3.238189 0 P 0
L 1.4170079 3.248189 1.4270079 3.248189 0 P 0
L 1.4170079 3.267874 1.4270079 3.257874 0 P 0
L 1.4170079 3.267874 1.4270079 3.267874 0 P 0
L 1.42 2.853 1.43 2.843 0 P 0
L 1.42 2.873 1.43 2.883 0 P 0
L 1.422 3.02 1.432 3.02 0 P 0
L 1.422 3.03 1.432 3.02 0 P 0
L 1.422 3.03 1.432 3.04 0 P 0
L 1.422 3.04 1.432 3.04 0 P 0
L 1.4233858 3.1396063 1.4333858 3.1396063 0 P 0
L 1.4233858 3.1496063 1.4333858 3.1396063 0 P 0
L 1.4233858 3.1496063 1.4333858 3.1596063 0 P 0
L 1.4233858 3.1596063 1.4333858 3.1596063 0 P 0
L 1.4270079 3.2085039 1.4370079 3.1985039 0 P 0
L 1.4270079 3.228189 1.4370079 3.218189 0 P 0
L 1.4270079 3.2285039 1.4370079 3.2385039 0 P 0
L 1.4270079 3.247874 1.4370079 3.237874 0 P 0
L 1.4270079 3.248189 1.4370079 3.258189 0 P 0
L 1.4270079 3.267874 1.4370079 3.277874 0 P 0
L 1.43 2.843 1.44 2.853 0 P 0
L 1.43 2.883 1.44 2.873 0 P 0
L 1.4366929 2.9230708 1.4466929 2.9230708 0 P 0
L 1.4366929 2.9230708 1.4466929 2.9330708 0 P 0
L 1.4366929 2.9427559 1.4466929 2.9427559 0 P 0
L 1.4366929 2.9427559 1.4466929 2.9527559 0 P 0
L 1.4366929 2.9430708 1.4466929 2.9330708 0 P 0
L 1.4366929 2.9430708 1.4466929 2.9430708 0 P 0
L 1.4366929 2.9624409 1.4466929 2.9624409 0 P 0
L 1.4366929 2.9624409 1.4466929 2.9724409 0 P 0
L 1.4366929 2.9627559 1.4466929 2.9527559 0 P 0
L 1.4366929 2.9627559 1.4466929 2.9627559 0 P 0
L 1.4366929 2.9824409 1.4466929 2.9724409 0 P 0
L 1.4366929 2.9824409 1.4466929 2.9824409 0 P 0
L 1.4366929 3.2085039 1.4466929 3.2085039 0 P 0
L 1.4366929 3.2085039 1.4466929 3.2185039 0 P 0
L 1.4366929 3.228189 1.4466929 3.228189 0 P 0
L 1.4366929 3.228189 1.4466929 3.238189 0 P 0
L 1.4366929 3.2285039 1.4466929 3.2185039 0 P 0
L 1.4366929 3.2285039 1.4466929 3.2285039 0 P 0
L 1.4366929 3.247874 1.4466929 3.247874 0 P 0
L 1.4366929 3.247874 1.4466929 3.257874 0 P 0
L 1.4366929 3.248189 1.4466929 3.238189 0 P 0
L 1.4366929 3.248189 1.4466929 3.248189 0 P 0
L 1.4366929 3.267874 1.4466929 3.257874 0 P 0
L 1.4366929 3.267874 1.4466929 3.267874 0 P 0
L 1.4370079 3.1985039 1.4470079 3.2085039 0 P 0
L 1.4370079 3.218189 1.4470079 3.228189 0 P 0
L 1.4370079 3.237874 1.4470079 3.247874 0 P 0
L 1.4370079 3.2385039 1.4470079 3.2285039 0 P 0
L 1.4370079 3.258189 1.4470079 3.248189 0 P 0
L 1.4370079 3.277874 1.4470079 3.267874 0 P 0
L 1.44 2.853 1.45 2.853 0 P 0
L 1.44 2.863 1.45 2.853 0 P 0
L 1.44 2.863 1.45 2.873 0 P 0
L 1.44 2.873 1.45 2.873 0 P 0
L 1.4466929 2.9230708 1.4566929 2.9130708 0 P 0
L 1.4466929 2.9427559 1.4566929 2.9327559 0 P 0
L 1.4466929 2.9430708 1.4566929 2.9530708 0 P 0
L 1.4466929 2.9624409 1.4566929 2.9524409 0 P 0
L 1.4466929 2.9627559 1.4566929 2.9727559 0 P 0
L 1.4466929 2.9824409 1.4566929 2.9924409 0 P 0
L 1.4466929 3.2085039 1.4566929 3.1985039 0 P 0
L 1.4466929 3.228189 1.4566929 3.218189 0 P 0
L 1.4466929 3.2285039 1.4566929 3.2385039 0 P 0
L 1.4466929 3.247874 1.4566929 3.237874 0 P 0
L 1.4466929 3.248189 1.4566929 3.258189 0 P 0
L 1.4466929 3.267874 1.4566929 3.277874 0 P 0
L 1.4470079 3.2085039 1.4570079 3.2085039 0 P 0
L 1.4470079 3.2185039 1.4570079 3.2085039 0 P 0
L 1.4470079 3.2185039 1.4570079 3.2285039 0 P 0
L 1.4470079 3.228189 1.4570079 3.228189 0 P 0
L 1.4470079 3.2285039 1.4570079 3.2285039 0 P 0
L 1.4470079 3.238189 1.4570079 3.228189 0 P 0
L 1.4470079 3.238189 1.4570079 3.248189 0 P 0
L 1.4470079 3.247874 1.4570079 3.247874 0 P 0
L 1.4470079 3.248189 1.4570079 3.248189 0 P 0
L 1.4470079 3.257874 1.4570079 3.247874 0 P 0
L 1.4470079 3.257874 1.4570079 3.267874 0 P 0
L 1.4470079 3.267874 1.4570079 3.267874 0 P 0
L 1.4563779 2.9230708 1.4663779 2.9230708 0 P 0
L 1.4563779 2.9230708 1.4663779 2.9330708 0 P 0
L 1.4563779 2.9427559 1.4663779 2.9427559 0 P 0
L 1.4563779 2.9427559 1.4663779 2.9527559 0 P 0
L 1.4563779 2.9430708 1.4663779 2.9330708 0 P 0
L 1.4563779 2.9430708 1.4663779 2.9430708 0 P 0
L 1.4563779 2.9624409 1.4663779 2.9624409 0 P 0
L 1.4563779 2.9624409 1.4663779 2.9724409 0 P 0
L 1.4563779 2.9627559 1.4663779 2.9527559 0 P 0
L 1.4563779 2.9627559 1.4663779 2.9627559 0 P 0
L 1.4563779 2.9824409 1.4663779 2.9724409 0 P 0
L 1.4563779 2.9824409 1.4663779 2.9824409 0 P 0
L 1.4566929 2.9130708 1.4666929 2.9230708 0 P 0
L 1.4566929 2.9327559 1.4666929 2.9427559 0 P 0
L 1.4566929 2.9524409 1.4666929 2.9624409 0 P 0
L 1.4566929 2.9530708 1.4666929 2.9430708 0 P 0
L 1.4566929 2.9727559 1.4666929 2.9627559 0 P 0
L 1.4566929 2.9924409 1.4666929 2.9824409 0 P 0
L 1.4566929 3.1985039 1.4666929 3.2085039 0 P 0
L 1.4566929 3.218189 1.4666929 3.228189 0 P 0
L 1.4566929 3.237874 1.4666929 3.247874 0 P 0
L 1.4566929 3.2385039 1.4666929 3.2285039 0 P 0
L 1.4566929 3.258189 1.4666929 3.248189 0 P 0
L 1.4566929 3.277874 1.4666929 3.267874 0 P 0
L 1.4663779 2.9230708 1.4763779 2.9130708 0 P 0
L 1.4663779 2.9427559 1.4763779 2.9327559 0 P 0
L 1.4663779 2.9430708 1.4763779 2.9530708 0 P 0
L 1.4663779 2.9624409 1.4763779 2.9524409 0 P 0
L 1.4663779 2.9627559 1.4763779 2.9727559 0 P 0
L 1.4663779 2.9824409 1.4763779 2.9924409 0 P 0
L 1.4666929 2.9230708 1.4766929 2.9230708 0 P 0
L 1.4666929 2.9330708 1.4766929 2.9230708 0 P 0
L 1.4666929 2.9330708 1.4766929 2.9430708 0 P 0
L 1.4666929 2.9427559 1.4766929 2.9427559 0 P 0
L 1.4666929 2.9430708 1.4766929 2.9430708 0 P 0
L 1.4666929 2.9527559 1.4766929 2.9427559 0 P 0
L 1.4666929 2.9527559 1.4766929 2.9627559 0 P 0
L 1.4666929 2.9624409 1.4766929 2.9624409 0 P 0
L 1.4666929 2.9627559 1.4766929 2.9627559 0 P 0
L 1.4666929 2.9724409 1.4766929 2.9624409 0 P 0
L 1.4666929 2.9724409 1.4766929 2.9824409 0 P 0
L 1.4666929 2.9824409 1.4766929 2.9824409 0 P 0
L 1.4666929 3.2085039 1.4766929 3.2085039 0 P 0
L 1.4666929 3.2185039 1.4766929 3.2085039 0 P 0
L 1.4666929 3.2185039 1.4766929 3.2285039 0 P 0
L 1.4666929 3.228189 1.4766929 3.228189 0 P 0
L 1.4666929 3.2285039 1.4766929 3.2285039 0 P 0
L 1.4666929 3.238189 1.4766929 3.228189 0 P 0
L 1.4666929 3.238189 1.4766929 3.248189 0 P 0
L 1.4666929 3.247874 1.4766929 3.247874 0 P 0
L 1.4666929 3.248189 1.4766929 3.248189 0 P 0
L 1.4666929 3.257874 1.4766929 3.247874 0 P 0
L 1.4666929 3.257874 1.4766929 3.267874 0 P 0
L 1.4666929 3.267874 1.4766929 3.267874 0 P 0
L 1.4763779 2.9130708 1.4863779 2.9230708 0 P 0
L 1.4763779 2.9327559 1.4863779 2.9427559 0 P 0
L 1.4763779 2.9524409 1.4863779 2.9624409 0 P 0
L 1.4763779 2.9530708 1.4863779 2.9430708 0 P 0
L 1.4763779 2.9727559 1.4863779 2.9627559 0 P 0
L 1.4763779 2.9924409 1.4863779 2.9824409 0 P 0
L 1.48 2.854 1.49 2.874 0 P 0
L 1.48 2.854 1.5 2.864 0 P 0
L 1.48 2.894 1.49 2.874 0 P 0
L 1.48 2.894 1.5 2.884 0 P 0
L 1.482 3.215 1.492 3.215 0 P 0
L 1.482 3.215 1.492 3.225 0 P 0
L 1.482 3.235 1.492 3.225 0 P 0
L 1.482 3.235 1.492 3.235 0 P 0
L 1.4863779 2.9230708 1.4963779 2.9230708 0 P 0
L 1.4863779 2.9330708 1.4963779 2.9230708 0 P 0
L 1.4863779 2.9330708 1.4963779 2.9430708 0 P 0
L 1.4863779 2.9427559 1.4963779 2.9427559 0 P 0
L 1.4863779 2.9430708 1.4963779 2.9430708 0 P 0
L 1.4863779 2.9527559 1.4963779 2.9427559 0 P 0
L 1.4863779 2.9527559 1.4963779 2.9627559 0 P 0
L 1.4863779 2.9624409 1.4963779 2.9624409 0 P 0
L 1.4863779 2.9627559 1.4963779 2.9627559 0 P 0
L 1.4863779 2.9724409 1.4963779 2.9624409 0 P 0
L 1.4863779 2.9724409 1.4963779 2.9824409 0 P 0
L 1.4863779 2.9824409 1.4963779 2.9824409 0 P 0
L 1.492 3.215 1.502 3.205 0 P 0
L 1.492 3.235 1.502 3.245 0 P 0
L 1.5 2.864 1.52 2.854 0 P 0
L 1.5 2.884 1.52 2.894 0 P 0
L 1.502 3.205 1.512 3.215 0 P 0
L 1.502 3.245 1.512 3.235 0 P 0
L 1.5075591 3.1396063 1.5175591 3.1396063 0 P 0
L 1.5075591 3.1396063 1.5175591 3.1496063 0 P 0
L 1.5075591 3.1592913 1.5175591 3.1592913 0 P 0
L 1.5075591 3.1592913 1.5175591 3.1692913 0 P 0
L 1.5075591 3.1596063 1.5175591 3.1496063 0 P 0
L 1.5075591 3.1596063 1.5175591 3.1596063 0 P 0
L 1.5075591 3.1792913 1.5175591 3.1692913 0 P 0
L 1.5075591 3.1792913 1.5175591 3.1792913 0 P 0
L 1.51 2.874 1.52 2.854 0 P 0
L 1.51 2.874 1.52 2.894 0 P 0
L 1.512 3.215 1.522 3.215 0 P 0
L 1.512 3.225 1.522 3.215 0 P 0
L 1.512 3.225 1.522 3.235 0 P 0
L 1.512 3.235 1.522 3.235 0 P 0
L 1.5175591 3.1396063 1.5275591 3.1296063 0 P 0
L 1.5175591 3.1592913 1.5275591 3.1492913 0 P 0
L 1.5175591 3.1596063 1.5275591 3.1696063 0 P 0
L 1.5175591 3.1792913 1.5275591 3.1892913 0 P 0
L 1.52 3.315 1.53 3.335 0 P 0
L 1.52 3.315 1.54 3.325 0 P 0
L 1.52 3.355 1.53 3.335 0 P 0
L 1.52 3.355 1.54 3.345 0 P 0
L 1.5252756 2.9819685 1.5352756 3.0019685 0 P 0
L 1.5252756 2.9819685 1.5452756 2.9919685 0 P 0
L 1.5252756 3.0219685 1.5352756 3.0019685 0 P 0
L 1.5252756 3.0219685 1.5452756 3.0119685 0 P 0
L 1.5275591 3.1296063 1.5375591 3.1396063 0 P 0
L 1.5275591 3.1492913 1.5375591 3.1592913 0 P 0
L 1.5275591 3.1696063 1.5375591 3.1596063 0 P 0
L 1.5275591 3.1892913 1.5375591 3.1792913 0 P 0
L 1.5311811 3.1396063 1.5411811 3.1396063 0 P 0
L 1.5311811 3.1396063 1.5411811 3.1496063 0 P 0
L 1.5311811 3.1592913 1.5411811 3.1592913 0 P 0
L 1.5311811 3.1592913 1.5411811 3.1692913 0 P 0
L 1.5311811 3.1596063 1.5411811 3.1496063 0 P 0
L 1.5311811 3.1596063 1.5411811 3.1596063 0 P 0
L 1.5311811 3.1792913 1.5411811 3.1692913 0 P 0
L 1.5311811 3.1792913 1.5411811 3.1792913 0 P 0
L 1.536 2.831 1.546 2.851 0 P 0
L 1.536 2.831 1.556 2.841 0 P 0
L 1.536 2.871 1.546 2.851 0 P 0
L 1.536 2.871 1.556 2.861 0 P 0
L 1.5375591 3.1396063 1.5475591 3.1396063 0 P 0
L 1.5375591 3.1496063 1.5475591 3.1396063 0 P 0
L 1.5375591 3.1496063 1.5475591 3.1596063 0 P 0
L 1.5375591 3.1592913 1.5475591 3.1592913 0 P 0
L 1.5375591 3.1596063 1.5475591 3.1596063 0 P 0
L 1.5375591 3.1692913 1.5475591 3.1592913 0 P 0
L 1.5375591 3.1692913 1.5475591 3.1792913 0 P 0
L 1.5375591 3.1792913 1.5475591 3.1792913 0 P 0
L 1.54 3.325 1.56 3.315 0 P 0
L 1.54 3.345 1.56 3.355 0 P 0
L 1.5411811 3.1396063 1.5511811 3.1296063 0 P 0
L 1.5411811 3.1592913 1.5511811 3.1492913 0 P 0
L 1.5411811 3.1596063 1.5511811 3.1696063 0 P 0
L 1.5411811 3.1792913 1.5511811 3.1892913 0 P 0
L 1.5452756 2.9919685 1.5652756 2.9819685 0 P 0
L 1.5452756 3.0119685 1.5652756 3.0219685 0 P 0
L 1.55 3.335 1.56 3.315 0 P 0
L 1.55 3.335 1.56 3.355 0 P 0
L 1.5511811 3.1296063 1.5611811 3.1396063 0 P 0
L 1.5511811 3.1492913 1.5611811 3.1592913 0 P 0
L 1.5511811 3.1696063 1.5611811 3.1596063 0 P 0
L 1.5511811 3.1892913 1.5611811 3.1792913 0 P 0
L 1.5552756 3.0019685 1.5652756 2.9819685 0 P 0
L 1.5552756 3.0019685 1.5652756 3.0219685 0 P 0
L 1.556 2.841 1.576 2.831 0 P 0
L 1.556 2.861 1.576 2.871 0 P 0
L 1.5611811 3.1396063 1.5711811 3.1396063 0 P 0
L 1.5611811 3.1496063 1.5711811 3.1396063 0 P 0
L 1.5611811 3.1496063 1.5711811 3.1596063 0 P 0
L 1.5611811 3.1592913 1.5711811 3.1592913 0 P 0
L 1.5611811 3.1596063 1.5711811 3.1596063 0 P 0
L 1.5611811 3.1692913 1.5711811 3.1592913 0 P 0
L 1.5611811 3.1692913 1.5711811 3.1792913 0 P 0
L 1.5611811 3.1792913 1.5711811 3.1792913 0 P 0
L 1.566 2.851 1.576 2.831 0 P 0
L 1.566 2.851 1.576 2.871 0 P 0
L 1.585 3.145 1.585 3.185 0 P 0
L 1.585 3.145 1.625 3.145 0 P 0
L 1.585 3.185 1.625 3.185 0 P 0
L 1.5964725 3.3162835 1.6064725 3.3362835 0 P 0
L 1.5964725 3.3162835 1.6164725 3.3262835 0 P 0
L 1.5964725 3.3562835 1.6064725 3.3362835 0 P 0
L 1.5964725 3.3562835 1.6164725 3.3462835 0 P 0
L 1.6074484 2.7935198 1.6174484 2.8135198 0 P 0
L 1.6074484 2.7935198 1.6274484 2.8035198 0 P 0
L 1.6074484 2.8335198 1.6174484 2.8135198 0 P 0
L 1.6074484 2.8335198 1.6274484 2.8235198 0 P 0
L 1.61 2.862 1.62 2.882 0 P 0
L 1.61 2.862 1.63 2.872 0 P 0
L 1.61 2.902 1.62 2.882 0 P 0
L 1.61 2.902 1.63 2.892 0 P 0
L 1.6164725 3.3262835 1.6364725 3.3162835 0 P 0
L 1.6164725 3.3462835 1.6364725 3.3562835 0 P 0
L 1.625 3.145 1.625 3.185 0 P 0
L 1.6264725 3.3362835 1.6364725 3.3162835 0 P 0
L 1.6264725 3.3362835 1.6364725 3.3562835 0 P 0
L 1.6274484 2.8035198 1.6474484 2.7935198 0 P 0
L 1.6274484 2.8235198 1.6474484 2.8335198 0 P 0
L 1.6296063 3.0390551 1.6296063 3.0790551 0 P 0
L 1.6296063 3.0390551 1.6696063 3.0390551 0 P 0
L 1.6296063 3.0790551 1.6696063 3.0790551 0 P 0
L 1.63 2.872 1.65 2.862 0 P 0
L 1.63 2.892 1.65 2.902 0 P 0
L 1.6374484 2.8135198 1.6474484 2.7935198 0 P 0
L 1.6374484 2.8135198 1.6474484 2.8335198 0 P 0
L 1.64 2.882 1.65 2.862 0 P 0
L 1.64 2.882 1.65 2.902 0 P 0
L 1.6532283 3.2083465 1.6632283 3.2283465 0 P 0
L 1.6532283 3.2083465 1.6732283 3.2183465 0 P 0
L 1.6532283 3.2483465 1.6632283 3.2283465 0 P 0
L 1.6532283 3.2483465 1.6732283 3.2383465 0 P 0
L 1.6696063 3.0390551 1.6696063 3.0790551 0 P 0
L 1.6732283 3.2183465 1.6932283 3.2083465 0 P 0
L 1.6732283 3.2383465 1.6932283 3.2483465 0 P 0
L 1.6832283 3.2283465 1.6932283 3.2083465 0 P 0
L 1.6832283 3.2283465 1.6932283 3.2483465 0 P 0
L 1.6847244 3.0390551 1.6847244 3.0790551 0 P 0
L 1.6847244 3.0390551 1.7247244 3.0390551 0 P 0
L 1.6847244 3.0790551 1.7247244 3.0790551 0 P 0
L 1.6994882 2.8264567 1.7094882 2.8464567 0 P 0
L 1.6994882 2.8264567 1.7194882 2.8364567 0 P 0
L 1.6994882 2.8664567 1.7094882 2.8464567 0 P 0
L 1.6994882 2.8664567 1.7194882 2.8564567 0 P 0
L 1.7194882 2.8364567 1.7394882 2.8264567 0 P 0
L 1.7194882 2.8564567 1.7394882 2.8664567 0 P 0
L 1.7247244 3.0390551 1.7247244 3.0790551 0 P 0
L 1.7294882 2.8464567 1.7394882 2.8264567 0 P 0
L 1.7294882 2.8464567 1.7394882 2.8664567 0 P 0
L 1.7359055 3.2083465 1.7459055 3.2283465 0 P 0
L 1.7359055 3.2083465 1.7559055 3.2183465 0 P 0
L 1.7359055 3.2483465 1.7459055 3.2283465 0 P 0
L 1.7359055 3.2483465 1.7559055 3.2383465 0 P 0
L 1.7559055 3.2183465 1.7759055 3.2083465 0 P 0
L 1.7559055 3.2383465 1.7759055 3.2483465 0 P 0
L 1.7659055 3.2283465 1.7759055 3.2083465 0 P 0
L 1.7659055 3.2283465 1.7759055 3.2483465 0 P 0
L 1.79 3.33 1.79 3.37 0 P 0
L 1.79 3.33 1.83 3.33 0 P 0
L 1.79 3.365 1.8 3.385 0 P 0
L 1.79 3.365 1.81 3.375 0 P 0
L 1.79 3.37 1.83 3.37 0 P 0
L 1.79 3.405 1.8 3.385 0 P 0
L 1.79 3.405 1.81 3.395 0 P 0
L 1.81 3.375 1.83 3.365 0 P 0
L 1.81 3.395 1.83 3.405 0 P 0
L 1.815 2.87 1.825 2.89 0 P 0
L 1.815 2.87 1.835 2.88 0 P 0
L 1.815 2.91 1.825 2.89 0 P 0
L 1.815 2.91 1.835 2.9 0 P 0
L 1.82 3.385 1.83 3.365 0 P 0
L 1.82 3.385 1.83 3.405 0 P 0
L 1.825 3.33 1.835 3.35 0 P 0
L 1.825 3.33 1.845 3.34 0 P 0
L 1.825 3.365 1.835 3.385 0 P 0
L 1.825 3.365 1.845 3.375 0 P 0
L 1.825 3.37 1.835 3.35 0 P 0
L 1.825 3.37 1.845 3.36 0 P 0
L 1.825 3.405 1.835 3.385 0 P 0
L 1.825 3.405 1.845 3.395 0 P 0
L 1.83 3.33 1.83 3.37 0 P 0
L 1.835 2.88 1.855 2.87 0 P 0
L 1.835 2.9 1.855 2.91 0 P 0
L 1.845 2.89 1.855 2.87 0 P 0
L 1.845 2.89 1.855 2.91 0 P 0
L 1.845 3.34 1.865 3.33 0 P 0
L 1.845 3.36 1.865 3.37 0 P 0
L 1.845 3.375 1.865 3.365 0 P 0
L 1.845 3.395 1.865 3.405 0 P 0
L 1.855 3.35 1.865 3.33 0 P 0
L 1.855 3.35 1.865 3.37 0 P 0
L 1.855 3.385 1.865 3.365 0 P 0
L 1.855 3.385 1.865 3.405 0 P 0
L 1.86 2.875 1.87 2.895 0 P 0
L 1.86 2.875 1.88 2.885 0 P 0
L 1.86 2.915 1.87 2.895 0 P 0
L 1.86 2.915 1.88 2.905 0 P 0
L 1.86 3.365 1.87 3.385 0 P 0
L 1.86 3.365 1.88 3.375 0 P 0
L 1.86 3.405 1.87 3.385 0 P 0
L 1.86 3.405 1.88 3.395 0 P 0
L 1.8727165 3.1679922 1.8827165 3.1879922 0 P 0
L 1.8727165 3.1679922 1.8927165 3.1779922 0 P 0
L 1.8727165 3.2079922 1.8827165 3.1879922 0 P 0
L 1.8727165 3.2079922 1.8927165 3.1979922 0 P 0
L 1.88 2.885 1.9 2.875 0 P 0
L 1.88 2.905 1.9 2.915 0 P 0
L 1.88 3.375 1.9 3.365 0 P 0
L 1.88 3.395 1.9 3.405 0 P 0
L 1.89 2.895 1.9 2.875 0 P 0
L 1.89 2.895 1.9 2.915 0 P 0
L 1.89 3.385 1.9 3.365 0 P 0
L 1.89 3.385 1.9 3.405 0 P 0
L 1.8927165 3.1779922 1.9127165 3.1679922 0 P 0
L 1.8927165 3.1979922 1.9127165 3.2079922 0 P 0
L 1.894508 2.8639926 1.904508 2.8839926 0 P 0
L 1.894508 2.8639926 1.914508 2.8739926 0 P 0
L 1.894508 2.9039926 1.904508 2.8839926 0 P 0
L 1.894508 2.9039926 1.914508 2.8939926 0 P 0
L 1.9027165 3.1879922 1.9127165 3.1679922 0 P 0
L 1.9027165 3.1879922 1.9127165 3.2079922 0 P 0
L 1.914508 2.8739926 1.934508 2.8639926 0 P 0
L 1.914508 2.8939926 1.934508 2.9039926 0 P 0
L 1.92 3.14 1.93 3.16 0 P 0
L 1.92 3.14 1.94 3.15 0 P 0
L 1.92 3.18 1.93 3.16 0 P 0
L 1.92 3.18 1.94 3.17 0 P 0
L 1.924508 2.8839926 1.934508 2.8639926 0 P 0
L 1.924508 2.8839926 1.934508 2.9039926 0 P 0
L 1.9248819 2.987874 1.9348819 3.007874 0 P 0
L 1.9248819 2.987874 1.9448819 2.997874 0 P 0
L 1.9248819 3.027874 1.9348819 3.007874 0 P 0
L 1.9248819 3.027874 1.9448819 3.017874 0 P 0
L 1.9270334 2.8035066 1.9370334 2.8235066 0 P 0
L 1.9270334 2.8035066 1.9470334 2.8135066 0 P 0
L 1.9270334 2.8435066 1.9370334 2.8235066 0 P 0
L 1.9270334 2.8435066 1.9470334 2.8335066 0 P 0
L 1.93 3.29 1.94 3.31 0 P 0
L 1.93 3.29 1.95 3.3 0 P 0
L 1.93 3.33 1.94 3.31 0 P 0
L 1.93 3.33 1.95 3.32 0 P 0
L 1.94 3.15 1.96 3.14 0 P 0
L 1.94 3.17 1.96 3.18 0 P 0
L 1.9448819 2.997874 1.9648819 2.987874 0 P 0
L 1.9448819 3.017874 1.9648819 3.027874 0 P 0
L 1.9470334 2.8135066 1.9670334 2.8035066 0 P 0
L 1.9470334 2.8335066 1.9670334 2.8435066 0 P 0
L 1.95 3.16 1.96 3.14 0 P 0
L 1.95 3.16 1.96 3.18 0 P 0
L 1.95 3.3 1.97 3.29 0 P 0
L 1.95 3.32 1.97 3.33 0 P 0
L 1.9548819 3.007874 1.9648819 2.987874 0 P 0
L 1.9548819 3.007874 1.9648819 3.027874 0 P 0
L 1.9570334 2.8235066 1.9670334 2.8035066 0 P 0
L 1.9570334 2.8235066 1.9670334 2.8435066 0 P 0
L 1.96 3.31 1.97 3.29 0 P 0
L 1.96 3.31 1.97 3.33 0 P 0
L 1.969 2.826 1.969 2.866 0 P 0
L 1.969 2.826 2.009 2.826 0 P 0
L 1.969 2.866 2.009 2.866 0 P 0
L 2 3.29 2.01 3.31 0 P 0
L 2 3.29 2.02 3.3 0 P 0
L 2 3.33 2.01 3.31 0 P 0
L 2 3.33 2.02 3.32 0 P 0
L 2.009 2.826 2.009 2.866 0 P 0
L 2.0109055 3.0648033 2.0209055 3.0648033 0 P 0
L 2.0109055 3.0648033 2.0209055 3.0748033 0 P 0
L 2.0109055 3.0848033 2.0209055 3.0748033 0 P 0
L 2.0109055 3.0848033 2.0209055 3.0848033 0 P 0
L 2.0109055 3.1081104 2.0209055 3.1081104 0 P 0
L 2.0109055 3.1081104 2.0209055 3.1181104 0 P 0
L 2.0109055 3.1281104 2.0209055 3.1181104 0 P 0
L 2.0109055 3.1281104 2.0209055 3.1281104 0 P 0
L 2.0109055 3.1514175 2.0209055 3.1514175 0 P 0
L 2.0109055 3.1514175 2.0209055 3.1614175 0 P 0
L 2.0109055 3.1714175 2.0209055 3.1614175 0 P 0
L 2.0109055 3.1714175 2.0209055 3.1714175 0 P 0
L 2.02 3.3 2.04 3.29 0 P 0
L 2.02 3.32 2.04 3.33 0 P 0
L 2.0209055 3.0648033 2.0309055 3.0548033 0 P 0
L 2.0209055 3.0848033 2.0309055 3.0948033 0 P 0
L 2.0209055 3.1081104 2.0309055 3.0981104 0 P 0
L 2.0209055 3.1281104 2.0309055 3.1381104 0 P 0
L 2.0209055 3.1514175 2.0309055 3.1414175 0 P 0
L 2.0209055 3.1714175 2.0309055 3.1814175 0 P 0
L 2.03 3.31 2.04 3.29 0 P 0
L 2.03 3.31 2.04 3.33 0 P 0
L 2.0309055 3.0548033 2.0409055 3.0648033 0 P 0
L 2.0309055 3.0948033 2.0409055 3.0848033 0 P 0
L 2.0309055 3.0981104 2.0409055 3.1081104 0 P 0
L 2.0309055 3.1381104 2.0409055 3.1281104 0 P 0
L 2.0309055 3.1414175 2.0409055 3.1514175 0 P 0
L 2.0309055 3.1814175 2.0409055 3.1714175 0 P 0
L 2.0409055 3.0648033 2.0509055 3.0648033 0 P 0
L 2.0409055 3.0748033 2.0509055 3.0648033 0 P 0
L 2.0409055 3.0748033 2.0509055 3.0848033 0 P 0
L 2.0409055 3.0848033 2.0509055 3.0848033 0 P 0
L 2.0409055 3.1081104 2.0509055 3.1081104 0 P 0
L 2.0409055 3.1181104 2.0509055 3.1081104 0 P 0
L 2.0409055 3.1181104 2.0509055 3.1281104 0 P 0
L 2.0409055 3.1281104 2.0509055 3.1281104 0 P 0
L 2.0409055 3.1514175 2.0509055 3.1514175 0 P 0
L 2.0409055 3.1614175 2.0509055 3.1514175 0 P 0
L 2.0409055 3.1614175 2.0509055 3.1714175 0 P 0
L 2.0409055 3.1714175 2.0509055 3.1714175 0 P 0
L 2.05 3.275 2.06 3.295 0 P 0
L 2.05 3.275 2.07 3.285 0 P 0
L 2.05 3.315 2.06 3.295 0 P 0
L 2.05 3.315 2.07 3.305 0 P 0
L 2.0542126 3.0648033 2.0642126 3.0648033 0 P 0
L 2.0542126 3.0648033 2.0642126 3.0748033 0 P 0
L 2.0542126 3.0848033 2.0642126 3.0748033 0 P 0
L 2.0542126 3.0848033 2.0642126 3.0848033 0 P 0
L 2.0542126 3.1081104 2.0642126 3.1081104 0 P 0
L 2.0542126 3.1081104 2.0642126 3.1181104 0 P 0
L 2.0542126 3.1281104 2.0642126 3.1181104 0 P 0
L 2.0542126 3.1281104 2.0642126 3.1281104 0 P 0
L 2.0542126 3.1514175 2.0642126 3.1514175 0 P 0
L 2.0542126 3.1514175 2.0642126 3.1614175 0 P 0
L 2.0542126 3.1714175 2.0642126 3.1614175 0 P 0
L 2.0542126 3.1714175 2.0642126 3.1714175 0 P 0
L 2.0642126 3.0648033 2.0742126 3.0548033 0 P 0
L 2.0642126 3.0848033 2.0742126 3.0948033 0 P 0
L 2.0642126 3.1081104 2.0742126 3.0981104 0 P 0
L 2.0642126 3.1281104 2.0742126 3.1381104 0 P 0
L 2.0642126 3.1514175 2.0742126 3.1414175 0 P 0
L 2.0642126 3.1714175 2.0742126 3.1814175 0 P 0
L 2.07 3.285 2.09 3.275 0 P 0
L 2.07 3.305 2.09 3.315 0 P 0
L 2.0742126 3.0548033 2.0842126 3.0648033 0 P 0
L 2.0742126 3.0948033 2.0842126 3.0848033 0 P 0
L 2.0742126 3.0981104 2.0842126 3.1081104 0 P 0
L 2.0742126 3.1381104 2.0842126 3.1281104 0 P 0
L 2.0742126 3.1414175 2.0842126 3.1514175 0 P 0
L 2.0742126 3.1814175 2.0842126 3.1714175 0 P 0
L 2.08 3.295 2.09 3.275 0 P 0
L 2.08 3.295 2.09 3.315 0 P 0
L 2.0806592 2.9351106 2.0906592 2.9551106 0 P 0
L 2.0806592 2.9351106 2.1006592 2.9451106 0 P 0
L 2.0806592 2.9751106 2.0906592 2.9551106 0 P 0
L 2.0806592 2.9751106 2.1006592 2.9651106 0 P 0
L 2.0810336 2.7947606 2.0910336 2.8147606 0 P 0
L 2.0810336 2.7947606 2.1010336 2.8047606 0 P 0
L 2.0810336 2.8347606 2.0910336 2.8147606 0 P 0
L 2.0810336 2.8347606 2.1010336 2.8247606 0 P 0
L 2.0842126 3.0648033 2.0942126 3.0648033 0 P 0
L 2.0842126 3.0748033 2.0942126 3.0648033 0 P 0
L 2.0842126 3.0748033 2.0942126 3.0848033 0 P 0
L 2.0842126 3.0848033 2.0942126 3.0848033 0 P 0
L 2.0842126 3.1081104 2.0942126 3.1081104 0 P 0
L 2.0842126 3.1181104 2.0942126 3.1081104 0 P 0
L 2.0842126 3.1181104 2.0942126 3.1281104 0 P 0
L 2.0842126 3.1281104 2.0942126 3.1281104 0 P 0
L 2.0842126 3.1514175 2.0942126 3.1514175 0 P 0
L 2.0842126 3.1614175 2.0942126 3.1514175 0 P 0
L 2.0842126 3.1614175 2.0942126 3.1714175 0 P 0
L 2.0842126 3.1714175 2.0942126 3.1714175 0 P 0
L 2.0975197 3.0648033 2.1075197 3.0648033 0 P 0
L 2.0975197 3.0648033 2.1075197 3.0748033 0 P 0
L 2.0975197 3.0848033 2.1075197 3.0748033 0 P 0
L 2.0975197 3.0848033 2.1075197 3.0848033 0 P 0
L 2.0975197 3.1081104 2.1075197 3.1081104 0 P 0
L 2.0975197 3.1081104 2.1075197 3.1181104 0 P 0
L 2.0975197 3.1281104 2.1075197 3.1181104 0 P 0
L 2.0975197 3.1281104 2.1075197 3.1281104 0 P 0
L 2.0975197 3.1514175 2.1075197 3.1514175 0 P 0
L 2.0975197 3.1514175 2.1075197 3.1614175 0 P 0
L 2.0975197 3.1714175 2.1075197 3.1614175 0 P 0
L 2.0975197 3.1714175 2.1075197 3.1714175 0 P 0
L 2.1006592 2.9451106 2.1206592 2.9351106 0 P 0
L 2.1006592 2.9651106 2.1206592 2.9751106 0 P 0
L 2.1010336 2.8047606 2.1210336 2.7947606 0 P 0
L 2.1010336 2.8247606 2.1210336 2.8347606 0 P 0
L 2.105 3.2707796 2.115 3.2907796 0 P 0
L 2.105 3.2707796 2.125 3.2807796 0 P 0
L 2.105 3.3107796 2.115 3.2907796 0 P 0
L 2.105 3.3107796 2.125 3.3007796 0 P 0
L 2.1075197 3.0648033 2.1175197 3.0548033 0 P 0
L 2.1075197 3.0848033 2.1175197 3.0948033 0 P 0
L 2.1075197 3.1081104 2.1175197 3.0981104 0 P 0
L 2.1075197 3.1281104 2.1175197 3.1381104 0 P 0
L 2.1075197 3.1514175 2.1175197 3.1414175 0 P 0
L 2.1075197 3.1714175 2.1175197 3.1814175 0 P 0
L 2.1106592 2.9551106 2.1206592 2.9351106 0 P 0
L 2.1106592 2.9551106 2.1206592 2.9751106 0 P 0
L 2.1110336 2.8147606 2.1210336 2.7947606 0 P 0
L 2.1110336 2.8147606 2.1210336 2.8347606 0 P 0
L 2.1175197 3.0548033 2.1275197 3.0648033 0 P 0
L 2.1175197 3.0948033 2.1275197 3.0848033 0 P 0
L 2.1175197 3.0981104 2.1275197 3.1081104 0 P 0
L 2.1175197 3.1381104 2.1275197 3.1281104 0 P 0
L 2.1175197 3.1414175 2.1275197 3.1514175 0 P 0
L 2.1175197 3.1814175 2.1275197 3.1714175 0 P 0
L 2.125 3.2807796 2.145 3.2707796 0 P 0
L 2.125 3.3007796 2.145 3.3107796 0 P 0
L 2.1275197 3.0648033 2.1375197 3.0648033 0 P 0
L 2.1275197 3.0748033 2.1375197 3.0648033 0 P 0
L 2.1275197 3.0748033 2.1375197 3.0848033 0 P 0
L 2.1275197 3.0848033 2.1375197 3.0848033 0 P 0
L 2.1275197 3.1081104 2.1375197 3.1081104 0 P 0
L 2.1275197 3.1181104 2.1375197 3.1081104 0 P 0
L 2.1275197 3.1181104 2.1375197 3.1281104 0 P 0
L 2.1275197 3.1281104 2.1375197 3.1281104 0 P 0
L 2.1275197 3.1514175 2.1375197 3.1514175 0 P 0
L 2.1275197 3.1614175 2.1375197 3.1514175 0 P 0
L 2.1275197 3.1614175 2.1375197 3.1714175 0 P 0
L 2.1275197 3.1714175 2.1375197 3.1714175 0 P 0
L 2.135 3.2907796 2.145 3.2707796 0 P 0
L 2.135 3.2907796 2.145 3.3107796 0 P 0
L 2.145 3.26 2.155 3.28 0 P 0
L 2.145 3.26 2.165 3.27 0 P 0
L 2.145 3.3 2.155 3.28 0 P 0
L 2.145 3.3 2.165 3.29 0 P 0
L 2.1518114 2.9552782 2.1618114 2.9752782 0 P 0
L 2.1518114 2.9552782 2.1718114 2.9652782 0 P 0
L 2.1518114 2.9952782 2.1618114 2.9752782 0 P 0
L 2.1518114 2.9952782 2.1718114 2.9852782 0 P 0
L 2.165 3.27 2.185 3.26 0 P 0
L 2.165 3.29 2.185 3.3 0 P 0
L 2.1718114 2.9652782 2.1918114 2.9552782 0 P 0
L 2.1718114 2.9852782 2.1918114 2.9952782 0 P 0
L 2.175 3.28 2.185 3.26 0 P 0
L 2.175 3.28 2.185 3.3 0 P 0
L 2.1818114 2.9752782 2.1918114 2.9552782 0 P 0
L 2.1818114 2.9752782 2.1918114 2.9952782 0 P 0
L 2.1880709 2.8677954 2.1980709 2.8877954 0 P 0
L 2.1880709 2.8677954 2.2080709 2.8777954 0 P 0
L 2.1880709 2.9077954 2.1980709 2.8877954 0 P 0
L 2.1880709 2.9077954 2.2080709 2.8977954 0 P 0
L 2.205 3.36 2.215 3.38 0 P 0
L 2.205 3.36 2.225 3.37 0 P 0
L 2.205 3.4 2.215 3.38 0 P 0
L 2.205 3.4 2.225 3.39 0 P 0
L 2.2080709 2.8777954 2.2280709 2.8677954 0 P 0
L 2.2080709 2.8977954 2.2280709 2.9077954 0 P 0
L 2.2180709 2.8877954 2.2280709 2.8677954 0 P 0
L 2.2180709 2.8877954 2.2280709 2.9077954 0 P 0
L 2.2244818 2.879022 2.2344818 2.899022 0 P 0
L 2.2244818 2.879022 2.2444818 2.889022 0 P 0
L 2.2244818 2.919022 2.2344818 2.899022 0 P 0
L 2.2244818 2.919022 2.2444818 2.909022 0 P 0
L 2.225 3.37 2.245 3.36 0 P 0
L 2.225 3.39 2.245 3.4 0 P 0
L 2.235 3.07 2.245 3.09 0 P 0
L 2.235 3.07 2.255 3.08 0 P 0
L 2.235 3.11 2.245 3.09 0 P 0
L 2.235 3.11 2.255 3.1 0 P 0
L 2.235 3.19 2.245 3.21 0 P 0
L 2.235 3.19 2.255 3.2 0 P 0
L 2.235 3.23 2.245 3.21 0 P 0
L 2.235 3.23 2.255 3.22 0 P 0
L 2.235 3.38 2.245 3.36 0 P 0
L 2.235 3.38 2.245 3.4 0 P 0
L 2.2444818 2.889022 2.2644818 2.879022 0 P 0
L 2.2444818 2.909022 2.2644818 2.919022 0 P 0
L 2.245 3.36 2.245 3.4 0 P 0
L 2.245 3.36 2.285 3.36 0 P 0
L 2.245 3.4 2.285 3.4 0 P 0
L 2.2544818 2.899022 2.2644818 2.879022 0 P 0
L 2.2544818 2.899022 2.2644818 2.919022 0 P 0
L 2.255 3.08 2.275 3.07 0 P 0
L 2.255 3.1 2.275 3.11 0 P 0
L 2.255 3.2 2.275 3.19 0 P 0
L 2.255 3.22 2.275 3.23 0 P 0
L 2.265 3.09 2.275 3.07 0 P 0
L 2.265 3.09 2.275 3.11 0 P 0
L 2.265 3.21 2.275 3.19 0 P 0
L 2.265 3.21 2.275 3.23 0 P 0
L 2.2734738 3.1729184 2.2834738 3.1929184 0 P 0
L 2.2734738 3.1729184 2.2934738 3.1829184 0 P 0
L 2.2734738 3.2129184 2.2834738 3.1929184 0 P 0
L 2.2734738 3.2129184 2.2934738 3.2029184 0 P 0
L 2.28 3.14 2.29 3.16 0 P 0
L 2.28 3.14 2.3 3.15 0 P 0
L 2.28 3.18 2.29 3.16 0 P 0
L 2.28 3.18 2.3 3.17 0 P 0
L 2.285 3.2240001 2.295 3.2440001 0 P 0
L 2.285 3.2240001 2.305 3.2340001 0 P 0
L 2.285 3.2640001 2.295 3.2440001 0 P 0
L 2.285 3.2640001 2.305 3.2540001 0 P 0
L 2.285 3.36 2.285 3.4 0 P 0
L 2.29 3.36 2.3 3.38 0 P 0
L 2.29 3.36 2.31 3.37 0 P 0
L 2.29 3.4 2.3 3.38 0 P 0
L 2.29 3.4 2.31 3.39 0 P 0
L 2.2934738 3.1829184 2.3134738 3.1729184 0 P 0
L 2.2934738 3.2029184 2.3134738 3.2129184 0 P 0
L 2.2968105 2.9306886 2.3068105 2.9506886 0 P 0
L 2.2968105 2.9306886 2.3168105 2.9406886 0 P 0
L 2.2968105 2.9706886 2.3068105 2.9506886 0 P 0
L 2.2968105 2.9706886 2.3168105 2.9606886 0 P 0
L 2.3 3.15 2.32 3.14 0 P 0
L 2.3 3.17 2.32 3.18 0 P 0
L 2.3034738 3.1929184 2.3134738 3.1729184 0 P 0
L 2.3034738 3.1929184 2.3134738 3.2129184 0 P 0
L 2.305 3.2340001 2.325 3.2240001 0 P 0
L 2.305 3.2540001 2.325 3.2640001 0 P 0
L 2.31 3.16 2.32 3.14 0 P 0
L 2.31 3.16 2.32 3.18 0 P 0
L 2.31 3.37 2.33 3.36 0 P 0
L 2.31 3.39 2.33 3.4 0 P 0
L 2.315 3.2440001 2.325 3.2240001 0 P 0
L 2.315 3.2440001 2.325 3.2640001 0 P 0
L 2.3168105 2.9406886 2.3368105 2.9306886 0 P 0
L 2.3168105 2.9606886 2.3368105 2.9706886 0 P 0
L 2.32 3.38 2.33 3.36 0 P 0
L 2.32 3.38 2.33 3.4 0 P 0
L 2.3268105 2.9506886 2.3368105 2.9306886 0 P 0
L 2.3268105 2.9506886 2.3368105 2.9706886 0 P 0
L 2.365 3.1 2.375 3.12 0 P 0
L 2.365 3.1 2.385 3.11 0 P 0
L 2.365 3.14 2.375 3.12 0 P 0
L 2.365 3.14 2.385 3.13 0 P 0
L 2.365 3.165 2.375 3.185 0 P 0
L 2.365 3.165 2.385 3.175 0 P 0
L 2.365 3.205 2.375 3.185 0 P 0
L 2.365 3.205 2.385 3.195 0 P 0
L 2.385 3.11 2.405 3.1 0 P 0
L 2.385 3.13 2.405 3.14 0 P 0
L 2.385 3.175 2.405 3.165 0 P 0
L 2.385 3.195 2.405 3.205 0 P 0
L 2.395 3.12 2.405 3.1 0 P 0
L 2.395 3.12 2.405 3.14 0 P 0
L 2.395 3.185 2.405 3.165 0 P 0
L 2.395 3.185 2.405 3.205 0 P 0
L 2.42 2.8149999 2.42 2.8349999 0 P 0
L 2.42 2.8149999 2.43 2.8149999 0 P 0
L 2.42 2.8349999 2.43 2.8349999 0 P 0
L 2.42 2.915 2.42 2.935 0 P 0
L 2.42 2.915 2.43 2.915 0 P 0
L 2.42 2.935 2.43 2.935 0 P 0
L 2.42 3.015 2.42 3.035 0 P 0
L 2.42 3.015 2.43 3.015 0 P 0
L 2.42 3.035 2.43 3.035 0 P 0
L 2.42 3.135 2.42 3.155 0 P 0
L 2.42 3.135 2.43 3.135 0 P 0
L 2.42 3.155 2.43 3.155 0 P 0
L 2.42 3.235 2.42 3.255 0 P 0
L 2.42 3.235 2.43 3.235 0 P 0
L 2.42 3.255 2.43 3.255 0 P 0
L 2.42 3.335 2.42 3.355 0 P 0
L 2.42 3.335 2.43 3.335 0 P 0
L 2.42 3.355 2.43 3.355 0 P 0
L 2.43 2.8049999 2.43 2.8149999 0 P 0
L 2.43 2.8049999 2.45 2.8049999 0 P 0
L 2.43 2.8349999 2.43 2.8449999 0 P 0
L 2.43 2.8449999 2.45 2.8449999 0 P 0
L 2.43 2.905 2.43 2.915 0 P 0
L 2.43 2.905 2.45 2.905 0 P 0
L 2.43 2.935 2.43 2.945 0 P 0
L 2.43 2.945 2.45 2.945 0 P 0
L 2.43 3.005 2.43 3.015 0 P 0
L 2.43 3.005 2.45 3.005 0 P 0
L 2.43 3.035 2.43 3.045 0 P 0
L 2.43 3.045 2.45 3.045 0 P 0
L 2.43 3.125 2.43 3.135 0 P 0
L 2.43 3.125 2.45 3.125 0 P 0
L 2.43 3.155 2.43 3.165 0 P 0
L 2.43 3.165 2.45 3.165 0 P 0
L 2.43 3.225 2.43 3.235 0 P 0
L 2.43 3.225 2.45 3.225 0 P 0
L 2.43 3.255 2.43 3.265 0 P 0
L 2.43 3.265 2.45 3.265 0 P 0
L 2.43 3.325 2.43 3.335 0 P 0
L 2.43 3.325 2.45 3.325 0 P 0
L 2.43 3.355 2.43 3.365 0 P 0
L 2.43 3.365 2.45 3.365 0 P 0
L 2.45 2.8049999 2.45 2.8149999 0 P 0
L 2.45 2.8149999 2.46 2.8149999 0 P 0
L 2.45 2.8349999 2.45 2.8449999 0 P 0
L 2.45 2.8349999 2.46 2.8349999 0 P 0
L 2.45 2.905 2.45 2.915 0 P 0
L 2.45 2.915 2.46 2.915 0 P 0
L 2.45 2.935 2.45 2.945 0 P 0
L 2.45 2.935 2.46 2.935 0 P 0
L 2.45 3.005 2.45 3.015 0 P 0
L 2.45 3.015 2.46 3.015 0 P 0
L 2.45 3.035 2.45 3.045 0 P 0
L 2.45 3.035 2.46 3.035 0 P 0
L 2.45 3.125 2.45 3.135 0 P 0
L 2.45 3.135 2.46 3.135 0 P 0
L 2.45 3.155 2.45 3.165 0 P 0
L 2.45 3.155 2.46 3.155 0 P 0
L 2.45 3.225 2.45 3.235 0 P 0
L 2.45 3.235 2.46 3.235 0 P 0
L 2.45 3.255 2.45 3.265 0 P 0
L 2.45 3.255 2.46 3.255 0 P 0
L 2.45 3.325 2.45 3.335 0 P 0
L 2.45 3.335 2.46 3.335 0 P 0
L 2.45 3.355 2.45 3.365 0 P 0
L 2.45 3.355 2.46 3.355 0 P 0
L 2.46 2.8149999 2.46 2.8349999 0 P 0
L 2.46 2.915 2.46 2.935 0 P 0
L 2.46 3.015 2.46 3.035 0 P 0
L 2.46 3.135 2.46 3.155 0 P 0
L 2.46 3.235 2.46 3.255 0 P 0
L 2.46 3.335 2.46 3.355 0 P 0
L 2.475 2.775 2.475 2.815 0 P 0
L 2.475 2.775 2.515 2.775 0 P 0
L 2.475 2.815 2.515 2.815 0 P 0
L 2.495 2.825 2.495 2.865 0 P 0
L 2.495 2.825 2.535 2.825 0 P 0
L 2.495 2.865 2.535 2.865 0 P 0
L 2.515 2.775 2.515 2.815 0 P 0
L 2.52 2.775 2.52 2.815 0 P 0
L 2.52 2.775 2.56 2.775 0 P 0
L 2.52 2.815 2.56 2.815 0 P 0
L 2.525 3.01 2.535 3.03 0 P 0
L 2.525 3.01 2.545 3.02 0 P 0
L 2.525 3.05 2.535 3.03 0 P 0
L 2.525 3.05 2.545 3.04 0 P 0
L 2.535 2.825 2.535 2.865 0 P 0
L 2.545 3.02 2.565 3.01 0 P 0
L 2.545 3.04 2.565 3.05 0 P 0
L 2.555 3.03 2.565 3.01 0 P 0
L 2.555 3.03 2.565 3.05 0 P 0
L 2.56 2.775 2.56 2.815 0 P 0
L 2.585 2.8149999 2.585 2.8349999 0 P 0
L 2.585 2.8149999 2.595 2.8149999 0 P 0
L 2.585 2.8349999 2.595 2.8349999 0 P 0
L 2.585 2.915 2.585 2.935 0 P 0
L 2.585 2.915 2.595 2.915 0 P 0
L 2.585 2.935 2.595 2.935 0 P 0
L 2.585 3.015 2.585 3.035 0 P 0
L 2.585 3.015 2.595 3.015 0 P 0
L 2.585 3.035 2.595 3.035 0 P 0
L 2.585 3.1349999 2.585 3.1549999 0 P 0
L 2.585 3.1349999 2.595 3.1349999 0 P 0
L 2.585 3.1549999 2.595 3.1549999 0 P 0
L 2.585 3.235 2.585 3.255 0 P 0
L 2.585 3.235 2.595 3.235 0 P 0
L 2.585 3.255 2.595 3.255 0 P 0
L 2.585 3.335 2.585 3.355 0 P 0
L 2.585 3.335 2.595 3.335 0 P 0
L 2.585 3.355 2.595 3.355 0 P 0
L 2.595 2.8049999 2.595 2.8149999 0 P 0
L 2.595 2.8049999 2.615 2.8049999 0 P 0
L 2.595 2.8349999 2.595 2.8449999 0 P 0
L 2.595 2.8449999 2.615 2.8449999 0 P 0
L 2.595 2.905 2.595 2.915 0 P 0
L 2.595 2.905 2.615 2.905 0 P 0
L 2.595 2.935 2.595 2.945 0 P 0
L 2.595 2.945 2.615 2.945 0 P 0
L 2.595 3.005 2.595 3.015 0 P 0
L 2.595 3.005 2.615 3.005 0 P 0
L 2.595 3.035 2.595 3.045 0 P 0
L 2.595 3.045 2.615 3.045 0 P 0
L 2.595 3.1249999 2.595 3.1349999 0 P 0
L 2.595 3.1249999 2.615 3.1249999 0 P 0
L 2.595 3.1549999 2.595 3.1649999 0 P 0
L 2.595 3.1649999 2.615 3.1649999 0 P 0
L 2.595 3.225 2.595 3.235 0 P 0
L 2.595 3.225 2.615 3.225 0 P 0
L 2.595 3.255 2.595 3.265 0 P 0
L 2.595 3.265 2.615 3.265 0 P 0
L 2.595 3.325 2.595 3.335 0 P 0
L 2.595 3.325 2.615 3.325 0 P 0
L 2.595 3.355 2.595 3.365 0 P 0
L 2.595 3.365 2.615 3.365 0 P 0
L 2.615 2.8049999 2.615 2.8149999 0 P 0
L 2.615 2.8149999 2.625 2.8149999 0 P 0
L 2.615 2.8349999 2.615 2.8449999 0 P 0
L 2.615 2.8349999 2.625 2.8349999 0 P 0
L 2.615 2.905 2.615 2.915 0 P 0
L 2.615 2.915 2.625 2.915 0 P 0
L 2.615 2.935 2.615 2.945 0 P 0
L 2.615 2.935 2.625 2.935 0 P 0
L 2.615 3.005 2.615 3.015 0 P 0
L 2.615 3.015 2.625 3.015 0 P 0
L 2.615 3.035 2.615 3.045 0 P 0
L 2.615 3.035 2.625 3.035 0 P 0
L 2.615 3.1249999 2.615 3.1349999 0 P 0
L 2.615 3.1349999 2.625 3.1349999 0 P 0
L 2.615 3.1549999 2.615 3.1649999 0 P 0
L 2.615 3.1549999 2.625 3.1549999 0 P 0
L 2.615 3.225 2.615 3.235 0 P 0
L 2.615 3.235 2.625 3.235 0 P 0
L 2.615 3.255 2.615 3.265 0 P 0
L 2.615 3.255 2.625 3.255 0 P 0
L 2.615 3.325 2.615 3.335 0 P 0
L 2.615 3.335 2.625 3.335 0 P 0
L 2.615 3.355 2.615 3.365 0 P 0
L 2.615 3.355 2.625 3.355 0 P 0
L 2.625 2.8149999 2.625 2.8349999 0 P 0
L 2.625 2.915 2.625 2.935 0 P 0
L 2.625 3.015 2.625 3.035 0 P 0
L 2.625 3.1349999 2.625 3.1549999 0 P 0
L 2.625 3.235 2.625 3.255 0 P 0
L 2.625 3.335 2.625 3.355 0 P 0
L 2.87 3.355 2.88 3.375 0 P 0
L 2.87 3.355 2.89 3.365 0 P 0
L 2.87 3.395 2.88 3.375 0 P 0
L 2.87 3.395 2.89 3.385 0 P 0
L 2.875 2.845 2.895 2.825 0 P 0
L 2.875 2.845 2.895 2.865 0 P 0
L 2.8823219 3.1749054 2.8923219 3.1949054 0 P 0
L 2.8823219 3.1749054 2.9023219 3.1849054 0 P 0
L 2.8823219 3.2149054 2.8923219 3.1949054 0 P 0
L 2.8823219 3.2149054 2.9023219 3.2049054 0 P 0
L 2.89 3.365 2.91 3.355 0 P 0
L 2.89 3.385 2.91 3.395 0 P 0
L 2.895 2.825 2.915 2.845 0 P 0
L 2.895 2.865 2.915 2.845 0 P 0
L 2.9 3.375 2.91 3.355 0 P 0
L 2.9 3.375 2.91 3.395 0 P 0
L 2.9023219 3.1849054 2.9223219 3.1749054 0 P 0
L 2.9023219 3.2049054 2.9223219 3.2149054 0 P 0
L 2.9123219 3.1949054 2.9223219 3.1749054 0 P 0
L 2.9123219 3.1949054 2.9223219 3.2149054 0 P 0
L 2.987 3.299 2.997 3.319 0 P 0
L 2.987 3.299 3.007 3.309 0 P 0
L 2.987 3.339 2.997 3.319 0 P 0
L 2.987 3.339 3.007 3.329 0 P 0
L 3.007 3.309 3.027 3.299 0 P 0
L 3.007 3.329 3.027 3.339 0 P 0
L 3.017 3.319 3.027 3.299 0 P 0
L 3.017 3.319 3.027 3.339 0 P 0
L 3.025 2.975 3.035 2.995 0 P 0
L 3.025 2.975 3.045 2.985 0 P 0
L 3.025 3.015 3.035 2.995 0 P 0
L 3.025 3.015 3.045 3.005 0 P 0
L 3.04 3.173 3.05 3.193 0 P 0
L 3.04 3.173 3.06 3.183 0 P 0
L 3.04 3.213 3.05 3.193 0 P 0
L 3.04 3.213 3.06 3.203 0 P 0
L 3.045 2.985 3.065 2.975 0 P 0
L 3.045 3.005 3.065 3.015 0 P 0
L 3.055 2.995 3.065 2.975 0 P 0
L 3.055 2.995 3.065 3.015 0 P 0
L 3.06 3.183 3.08 3.173 0 P 0
L 3.06 3.203 3.08 3.213 0 P 0
L 3.07 3.193 3.08 3.173 0 P 0
L 3.07 3.193 3.08 3.213 0 P 0
L 3.1381103 2.8205513 3.1381103 2.8305513 0 P 0
L 3.1381103 2.8205513 3.1481103 2.8205513 0 P 0
L 3.1381103 2.8305513 3.1481103 2.8405513 0 P 0
L 3.1381103 2.8505513 3.1381103 2.8605513 0 P 0
L 3.1381103 2.8505513 3.1481103 2.8405513 0 P 0
L 3.1381103 2.8605513 3.1481103 2.8605513 0 P 0
L 3.1381103 2.9205512 3.1381103 2.9305512 0 P 0
L 3.1381103 2.9205512 3.1481103 2.9205512 0 P 0
L 3.1381103 2.9305512 3.1481103 2.9405512 0 P 0
L 3.1381103 2.9505512 3.1381103 2.9605512 0 P 0
L 3.1381103 2.9505512 3.1481103 2.9405512 0 P 0
L 3.1381103 2.9605512 3.1481103 2.9605512 0 P 0
L 3.1381103 3.0205513 3.1381103 3.0305513 0 P 0
L 3.1381103 3.0205513 3.1481103 3.0205513 0 P 0
L 3.1381103 3.0305513 3.1481103 3.0405513 0 P 0
L 3.1381103 3.0505513 3.1381103 3.0605513 0 P 0
L 3.1381103 3.0505513 3.1481103 3.0405513 0 P 0
L 3.1381103 3.0605513 3.1481103 3.0605513 0 P 0
L 3.1381103 3.1205513 3.1381103 3.1305513 0 P 0
L 3.1381103 3.1205513 3.1481103 3.1205513 0 P 0
L 3.1381103 3.1305513 3.1481103 3.1405513 0 P 0
L 3.1381103 3.1505513 3.1381103 3.1605513 0 P 0
L 3.1381103 3.1505513 3.1481103 3.1405513 0 P 0
L 3.1381103 3.1605513 3.1481103 3.1605513 0 P 0
L 3.1381103 3.2205513 3.1381103 3.2305513 0 P 0
L 3.1381103 3.2205513 3.1481103 3.2205513 0 P 0
L 3.1381103 3.2305513 3.1481103 3.2405513 0 P 0
L 3.1381103 3.2505513 3.1381103 3.2605513 0 P 0
L 3.1381103 3.2505513 3.1481103 3.2405513 0 P 0
L 3.1381103 3.2605513 3.1481103 3.2605513 0 P 0
L 3.1381103 3.3205514 3.1381103 3.3305514 0 P 0
L 3.1381103 3.3205514 3.1481103 3.3205514 0 P 0
L 3.1381103 3.3305514 3.1481103 3.3405514 0 P 0
L 3.1381103 3.3505514 3.1381103 3.3605514 0 P 0
L 3.1381103 3.3505514 3.1481103 3.3405514 0 P 0
L 3.1381103 3.3605514 3.1481103 3.3605514 0 P 0
L 3.1481103 2.8205513 3.1581103 2.8305513 0 P 0
L 3.1481103 2.8605513 3.1581103 2.8505513 0 P 0
L 3.1481103 2.9205512 3.1581103 2.9305512 0 P 0
L 3.1481103 2.9605512 3.1581103 2.9505512 0 P 0
L 3.1481103 3.0205513 3.1581103 3.0305513 0 P 0
L 3.1481103 3.0605513 3.1581103 3.0505513 0 P 0
L 3.1481103 3.1205513 3.1581103 3.1305513 0 P 0
L 3.1481103 3.1605513 3.1581103 3.1505513 0 P 0
L 3.1481103 3.2205513 3.1581103 3.2305513 0 P 0
L 3.1481103 3.2605513 3.1581103 3.2505513 0 P 0
L 3.1481103 3.3205514 3.1581103 3.3305514 0 P 0
L 3.1481103 3.3605514 3.1581103 3.3505514 0 P 0
L 3.1581103 2.8305513 3.1681103 2.8205513 0 P 0
L 3.1581103 2.8505513 3.1681103 2.8605513 0 P 0
L 3.1581103 2.9305512 3.1681103 2.9205512 0 P 0
L 3.1581103 2.9505512 3.1681103 2.9605512 0 P 0
L 3.1581103 3.0305513 3.1681103 3.0205513 0 P 0
L 3.1581103 3.0505513 3.1681103 3.0605513 0 P 0
L 3.1581103 3.1305513 3.1681103 3.1205513 0 P 0
L 3.1581103 3.1505513 3.1681103 3.1605513 0 P 0
L 3.1581103 3.2305513 3.1681103 3.2205513 0 P 0
L 3.1581103 3.2505513 3.1681103 3.2605513 0 P 0
L 3.1581103 3.3305514 3.1681103 3.3205514 0 P 0
L 3.1581103 3.3505514 3.1681103 3.3605514 0 P 0
L 3.1681103 2.8205513 3.1781103 2.8205513 0 P 0
L 3.1681103 2.8405513 3.1781103 2.8305513 0 P 0
L 3.1681103 2.8405513 3.1781103 2.8505513 0 P 0
L 3.1681103 2.8605513 3.1781103 2.8605513 0 P 0
L 3.1681103 2.9205512 3.1781103 2.9205512 0 P 0
L 3.1681103 2.9405512 3.1781103 2.9305512 0 P 0
L 3.1681103 2.9405512 3.1781103 2.9505512 0 P 0
L 3.1681103 2.9605512 3.1781103 2.9605512 0 P 0
L 3.1681103 3.0205513 3.1781103 3.0205513 0 P 0
L 3.1681103 3.0405513 3.1781103 3.0305513 0 P 0
L 3.1681103 3.0405513 3.1781103 3.0505513 0 P 0
L 3.1681103 3.0605513 3.1781103 3.0605513 0 P 0
L 3.1681103 3.1205513 3.1781103 3.1205513 0 P 0
L 3.1681103 3.1405513 3.1781103 3.1305513 0 P 0
L 3.1681103 3.1405513 3.1781103 3.1505513 0 P 0
L 3.1681103 3.1605513 3.1781103 3.1605513 0 P 0
L 3.1681103 3.2205513 3.1781103 3.2205513 0 P 0
L 3.1681103 3.2405513 3.1781103 3.2305513 0 P 0
L 3.1681103 3.2405513 3.1781103 3.2505513 0 P 0
L 3.1681103 3.2605513 3.1781103 3.2605513 0 P 0
L 3.1681103 3.3205514 3.1781103 3.3205514 0 P 0
L 3.1681103 3.3405514 3.1781103 3.3305514 0 P 0
L 3.1681103 3.3405514 3.1781103 3.3505514 0 P 0
L 3.1681103 3.3605514 3.1781103 3.3605514 0 P 0
L 3.1781103 2.8205513 3.1781103 2.8305513 0 P 0
L 3.1781103 2.8505513 3.1781103 2.8605513 0 P 0
L 3.1781103 2.9205512 3.1781103 2.9305512 0 P 0
L 3.1781103 2.9505512 3.1781103 2.9605512 0 P 0
L 3.1781103 3.0205513 3.1781103 3.0305513 0 P 0
L 3.1781103 3.0505513 3.1781103 3.0605513 0 P 0
L 3.1781103 3.1205513 3.1781103 3.1305513 0 P 0
L 3.1781103 3.1505513 3.1781103 3.1605513 0 P 0
L 3.1781103 3.2205513 3.1781103 3.2305513 0 P 0
L 3.1781103 3.2505513 3.1781103 3.2605513 0 P 0
L 3.1781103 3.3205514 3.1781103 3.3305514 0 P 0
L 3.1781103 3.3505514 3.1781103 3.3605514 0 P 0
L 3.2083465 2.9209449 3.2083465 2.9609449 0 P 0
L 3.2083465 2.9209449 3.2483465 2.9209449 0 P 0
L 3.2083465 2.9609449 3.2483465 2.9609449 0 P 0
L 3.2083465 3.0193701 3.2083465 3.0593701 0 P 0
L 3.2083465 3.0193701 3.2483465 3.0193701 0 P 0
L 3.2083465 3.0593701 3.2483465 3.0593701 0 P 0
L 3.2083465 3.1217323 3.2083465 3.1617323 0 P 0
L 3.2083465 3.1217323 3.2483465 3.1217323 0 P 0
L 3.2083465 3.1617323 3.2483465 3.1617323 0 P 0
L 3.2083465 3.2240945 3.2083465 3.2640945 0 P 0
L 3.2083465 3.2240945 3.2483465 3.2240945 0 P 0
L 3.2083465 3.2640945 3.2483465 3.2640945 0 P 0
L 3.2162205 3.3225197 3.2162205 3.3625197 0 P 0
L 3.2162205 3.3225197 3.2562205 3.3225197 0 P 0
L 3.2162205 3.3625197 3.2562205 3.3625197 0 P 0
L 3.2483465 2.9209449 3.2483465 2.9609449 0 P 0
L 3.2483465 3.0193701 3.2483465 3.0593701 0 P 0
L 3.2483465 3.1217323 3.2483465 3.1617323 0 P 0
L 3.2483465 3.2240945 3.2483465 3.2640945 0 P 0
L 3.2562205 3.3225197 3.2562205 3.3625197 0 P 0
